0 2239061.7
1 2312.3096
2 214060.67
3 1.4683704e+8
4 11158.425
5 427320.6
6 31006.812
7 4123.995
8 1.18356115e+11
9 2.3334881e+9
10 4.2288944e+7
11 1.857886e+10
12 56798.03
13 9.144395e+9
14 42684.77
15 6502.172
16 8.7480513e+11
17 25576.545
18 237.21916
19 62495.574
20 1372196.5
21 201131.94
22 4367.031
23 522.2164
24 884105.7
25 129.60298
26 1.5374222e+7
27 2057441.7
28 1368394.1
29 3533410.7
30 137.61032
31 1.8189106e+7
32 29434.11
33 243.36784
34 1758.813
35 117835.41
36 120.35792
37 56024.33
38 2028.146
39 715.54047
40 34946.35
41 5868.924
42 90.72459
43 598.6427
44 66.480484
45 10163.548
46 12.844766
47 71.26091
48 30.327402
49 50.901592
50 28.383074
51 35.9467
52 29598.912
53 47.392326
54 357852.5
55 74308.03
56 73.32873
57 1.6070611e+7
58 90.78816
59 428932.78
60 42945.008
61 163.53987
62 27.698742
63 96.47127
64 5992.534
65 1249.5284
66 25018.564
67 5212082.0
68 35053.473
69 344.7173
70 3277.958
71 72.20485
72 127.67579
73 487.121
74 9658.324
75 2080.673
76 93051.99
77 2001.5037
78 31.836302
79 172.4166
80 8568.322
81 4333.824
82 9.0444424e+7
83 145721.05
84 668.09515
85 121.06225
86 97.80477
87 14.219128
88 1404.2069
89 1.3329753e+7
90 4563.361
91 34.855873
92 12.310078
93 1618.4084
94 194949.45
95 129.69337
96 7.5570693
97 1613.5038
98 3680951.2
99 2668.8704
0 2937404.0
1 7080.889
2 2856.984
3 7722.481
4 2328.1611
5 5648.367
6 2506.7498
7 206.9121
8 130.46124
9 207999.62
10 10168.191
11 2508.7373
12 100.16927
13 9527.213
14 734.8592
15 2145.6091
16 52.945114
17 71.83653
18 173.7223
19 160.80013
20 12.765872
21 4.3310115e+8
22 406.18726
23 39.742214
24 1438.6715
25 93.319534
26 72.9702
27 150.80367
28 210530.34
29 6062.3384
30 683242.25
31 4168.5947
32 80.37863
33 5.94031e+8
34 52.458515
35 52.91717
36 19.988165
37 322.87222
38 1353.203
39 28.47638
40 18.984787
41 138.06328
42 144.45813
43 96.79811
44 1328179.1
45 69195.36
46 8534.27
47 140868.3
48 16065.864
49 5483.89
50 58630.203
51 104.75389
52 2197.686
53 19306.307
54 16821.557
55 81.81438
56 2416.7708
57 247.02264
58 15269.259
59 2622201.0
60 406792.8
61 1683199.6
62 86.10806
63 64586.797
64 229.49487
65 737.99536
66 81.90127
67 14.229086
68 29.70072
69 165.7235
70 2026.0272
71 152.61569
72 6326.35
73 7317.641
74 92.66737
75 44.53104
76 191.94977
77 77.30568
78 67.85255
79 47.210114
80 135.13857
81 110.98736
82 119.30055
83 46.66355
84 45.899796
85 31165.133
86 101.03274
87 47.153206
88 904.8322
89 200.13634
90 65.44711
91 7.042607
92 873.20844
93 31.57221
94 23.05677
95 4.8960085
96 45.353477
97 66.334656
98 138.20036
99 114.556046
0 1848363.2
1 888.58875
2 550.6916
3 2581.8723
4 763.6742
5 2538.581
6 7172.163
7 1585446.1
8 212.21968
9 129.18706
10 197.71188
11 2355.8071
12 74.56565
13 165.75334
14 121.26079
15 132.93393
16 101.19237
17 564829.3
18 128.2101
19 550.4425
20 2198.218
21 135.9697
22 420895.87
23 4218.219
24 2135.3342
25 43.111454
26 180.00894
27 2481.652
28 2107.8884
29 108.49075
30 52.008312
31 106.056206
32 1349.4213
33 2063.291
34 137.56299
35 29.791317
36 86.94722
37 17.84573
38 1014.6789
39 2233.967
40 112.62497
41 68.6291
42 118.05603
43 6.8660364
44 178.76509
45 273.97742
46 1333.2067
47 61.647095
48 543.36475
49 51.94997
50 10813.913
51 128.3273
52 2123.721
53 7.0883884
54 8.213702
55 5567.114
56 45.94012
57 24.811817
58 35.96133
59 178.28502
60 7.859628
61 28.045984
62 45.24752
63 50.329647
64 2085.828
65 127.97551
66 186.52112
67 12628.812
68 231.39001
69 46.96304
70 6285.018
71 203.90709
72 160.17413
73 2031.6461
74 25.95506
75 32.46671
76 106679.35
77 157.08041
78 8554.072
79 100.072464
80 207.30458
81 92.44173
82 78.84
83 48.668438
84 5.1961913
85 2103.7598
86 105.66716
87 25.296495
88 43.504353
89 56781.145
90 5965.363
91 1996.4478
92 19.782375
93 2426.9832
94 259.1081
95 119.85739
96 3885.671
97 3995.856
98 32.513935
99 37.9328
0 1042755.44
1 1572.9043
2 1612.5647
3 814.85614
4 199122.31
5 3839.1672
6 1743.0033
7 417.88474
8 2275.7583
9 166.10011
10 1838453.2
11 1253.207
12 6333.7207
13 6643.721
14 242.78854
15 191794.78
16 628.39435
17 4521.2954
18 1128267.7
19 2414401.0
20 2237.1462
21 81.201675
22 6592.664
23 97664.805
24 22871.832
25 13311.107
26 2709.8188
27 752232.06
28 4.8954968e+7
29 450.50662
30 2070.562
31 367703.72
32 98.93113
33 640.23865
34 7183054.5
35 5.2601192e+7
36 117190.64
37 1937.0272
38 1.9732662e+7
39 4.1727616e+9
40 2182654.7
41 1982.948
42 6.6639273e+9
43 1.9453888e+7
44 3.456324e+7
45 3991.239
46 45651.96
47 1.22817216e+8
48 13641.818
49 437.404
50 2.475934e+9
51 1.9092797e+9
52 2154.7095
53 6.4144765e+10
54 1357.7363
55 68.474106
56 6.2137224e+7
57 7918.7886
58 1.547597e+8
59 213368.28
60 1.5936879e+12
61 6265.156
62 62.36689
63 128503.95
64 6578068.5
65 45.827343
66 2.2713982e+8
67 1.8266988e+7
68 1.4325325e+9
69 1.1180097e+7
70 2.6525084e+7
71 3.8545143e+11
72 12747.227
73 1468663.5
74 2.2380182e+8
75 5.5126976e+8
76 8.880867e+12
77 1.2475271e+14
78 4101.7
79 3.3432057e+11
80 4.519238e+8
81 3.3945932e+7
82 9081370.0
83 3.0671693e+9
84 2.0696414e+8
85 9.9671015e+11
86 405858.37
87 5.444154e+8
88 28677.98
89 1.11986205e+11
90 1084030.0
91 6.969284e+7
92 2.3335642e+8
93 4787.0776
94 3569052.5
95 2643.9395
96 3.4344945e+9
97 197085.25
98 1.1779926e+12
99 1.2863062e+9
0 357286.78
1 1045.2451
2 1988.7567
3 44274.5
4 774.8105
5 2037.5192
6 311.46133
7 2232.1758
8 165.139
9 172.5949
10 201010.97
11 407322.44
12 203670.2
13 139.87701
14 58.99089
15 163.22208
16 5198.7725
17 168.71007
18 232.68619
19 189.79306
20 163.44919
21 99.17159
22 228.9915
23 49.70171
24 189.5771
25 2041.9536
26 466.23425
27 1.329059e+7
28 2177.2131
29 73.554924
30 86.30953
31 883.8139
32 250451.64
33 111.891335
34 69.69211
35 3494.3923
36 490.22183
37 27.050077
38 2432.4336
39 437.98383
40 311.33862
41 60.290443
42 46.921898
43 133.81305
44 7.14136
45 603.2951
46 70.95597
47 2447.9795
48 4781.44
49 6849.03
50 546.7349
51 6.718156
52 103.17702
53 51.571377
54 77.839096
55 81.13129
56 65.60356
57 11.239226
58 114.7599
59 161.52686
60 40.678787
61 42.73477
62 131.57014
63 19916.898
64 21.620495
65 2109.1233
66 114.25911
67 29.276546
68 525.45514
69 86.415016
70 25.866077
71 954.2074
72 224.67737
73 67.428085
74 3959.5234
75 33.108307
76 32.789207
77 68.36244
78 90.1633
79 13.995944
80 14.999707
81 92.58832
82 16.940788
83 33.04668
84 4.481753
85 84.17089
86 31.621792
87 514.52606
88 28.352934
89 47.43989
90 46.713966
91 34.899265
92 11.747249
93 30.88099
94 108.23816
95 920.29834
96 6.612403
97 1009.64594
98 74.22403
99 38.057667
0 1.931645e+12
1 1.8410998e+9
2 691581.56
3 4.4961654e+11
4 4.4962175e+11
5 7180313.5
6 3108130.7
7 6891494.0
8 6538043.5
9 1.0010986e+7
10 2273379.7
11 3312031.2
12 449281.2
13 3.0129718e+8
14 1.31871736e+8
15 3223865.0
16 1.4439496e+9
17 3.017531e+8
18 3849962.5
19 4.901116e+7
20 3027587.0
21 119908.88
22 1.1454478e+10
23 3056479.2
24 6.6777977e+10
25 2.868336e+10
26 2.341631e+7
27 2.3144234e+8
28 46851.152
29 59344.91
30 5954066.5
31 3004192.5
32 6464658.0
33 157924.56
34 3454057.2
35 103081.484
36 2.107987e+7
37 396292.53
38 3095810.7
39 32738.342
40 4.567757e+9
41 520170.94
42 719340.56
43 276515.6
44 4.4769862e+13
45 3109981.7
46 4011994.0
47 773162.4
48 777876.3
49 4.569662e+13
50 1.5075095e+9
51 1.5715913e+22
52 3084162.5
53 59361.703
54 3477526.5
55 910005.5
56 1.2754263e+11
57 5953425.5
58 90827.1
59 2984842.7
60 1.396935e+7
61 3030310.2
62 26284.734
63 1.2168969e+17
64 1.0198444e+7
65 2993141.2
66 4.432675e+9
67 60389.31
68 4.5412174e+13
69 12366.402
70 511020.62
71 65281.81
72 64.9057
73 5839427.5
74 3761.156
75 2928209.0
76 4956712.0
77 1.1547142e+16
78 61718.754
79 6594906.5
80 294087.28
81 88954.125
82 492126.22
83 29655.701
84 57166.76
85 3468596.7
86 4.0421363e+15
87 59321.687
88 64438.836
89 36168.1
90 93671.195
91 1.1818089e+10
92 3752703.7
93 169828.8
94 3027891.5
95 29660.082
96 29662.332
97 2.9982947e+8
98 13.191432
99 3995470.0
0 7.2143087e+18
1 8.3984605e+10
2 1.1746577e+7
3 1.1247938e+7
4 3913477.7
5 6.337414e+7
6 2018580.2
7 7.4891216e+7
8 6.8901234e+11
9 2.3569158e+7
10 4.5775775e+9
11 6.5187017e+13
12 3.8661558e+8
13 2.9889802e+8
14 5.6340986e+8
15 3179160.0
16 4.378702e+9
17 4.5700635e+11
18 4.606494e+15
19 2749788.0
20 7.2068996e+18
21 2.1223313e+10
22 4.81118e+7
23 6.2753416e+7
24 4.5873493e+13
25 6.226715e+8
26 1.2663263e+9
27 7.2839936e+8
28 61648.055
29 1.728935e+7
30 3.2273834e+8
31 3150382.5
32 3166074.5
33 158712.64
34 7.528143e+7
35 367417.7
36 7586719.5
37 481397.75
38 371654.44
39 3.0389018e+8
40 2073470.6
41 1.1240905e+9
42 4.6372527e+13
43 2.9631332e+10
44 2.5472245e+8
45 1141862.2
46 4.5668305e+12
47 1.2384071e+7
48 3092656.2
49 883625.4
50 3.08383e+8
51 4.636737e+11
52 4.5843543e+11
53 1.4111753e+7
54 3991689.0
55 1.8365843e+12
56 838737.56
57 1.1688184e+10
58 1.4785651e+7
59 1844251.1
60 6.7971565e+8
61 270573.0
62 2069591.2
63 3174536.0
64 4.578901e+11
65 280246.7
66 7641774.0
67 2339529.5
68 3061419.7
69 1.3892743e+7
70 1.4437093e+8
71 4.592129e+13
72 4.575484e+11
73 7.2777384e+7
74 1.9007327e+11
75 4.0109987e+13
76 7.321977e+7
77 6079012.0
78 1.33114416e+8
79 32147.408
80 3.0506262e+8
81 234295.14
82 4.0823296e+10
83 149928.28
84 4.633884e+11
85 2.0995739e+8
86 1.2054276e+9
87 1.3799924e+9
88 89733.23
89 4.861235e+8
90 3123425.7
91 89217.664
92 488475.6
93 3285740.5
94 3.073664e+12
95 5.4357716e+16
96 6284651.5
97 4319437.0
98 5389340.5
99 4.34991e+7
0 1.3154709e+16
1 2.9940875e+10
2 452166.25
3 6470905.0
4 3830231.0
5 3041149.5
6 30314.84
7 2.9862124e+10
8 1.180067e+7
9 6098729.0
10 6102739.5
11 2999211.7
12 6110435.5
13 60519.22
14 31879.45
15 1971141.0
16 223.84137
17 1.4447912e+8
18 1.4227608e+8
19 2.9749117e+8
20 61878.957
21 30027.598
22 2.8303296e+8
23 8.820153e+11
24 82080.14
25 3061754.2
26 59878.23
27 80195.94
28 29996.002
29 29962.42
30 90.6622
31 1301536.0
32 2988914.5
33 6024769.5
34 89802.09
35 7499945.5
36 745.133
37 197244.19
38 3095127.0
39 2993499.7
40 96980.17
41 60246.45
42 3017921.0
43 1407026.4
44 3.027e+8
45 30.892195
46 80650.84
47 1302761.7
48 92776.38
49 3049391.0
50 30187.123
51 5.871198e+8
52 3094871.7
53 3209847.5
54 2962573.0
55 29962.424
56 60930.062
57 60101.81
58 29950.703
59 525447.1
60 3055600.7
61 64640.617
62 376716.16
63 1.0226811e+11
64 6095441.0
65 248125.34
66 48401.598
67 3.9957213e+8
68 4.5504893e+13
69 1.0227347e+11
70 3292406.2
71 30284.658
72 3610929.7
73 702259.6
74 1.0227432e+11
75 300441.16
76 17630.777
77 9.461947e+13
78 32292.254
79 32597.049
80 2.1184242e+10
81 3021102.5
82 4.5137787e+13
83 3405759.0
84 3250727.0
85 59920.164
86 2954185.5
87 7.017633e+7
88 3114403.7
89 4.5751275e+11
90 4.575169e+11
91 90023.664
92 2945735.2
93 89829.09
94 1.0440772e+14
95 48426.16
96 29975.54
97 4.578322e+12
98 3116666.5
99 1.06699574e+12
0 5.034662e+12
1 1.0210673e+7
2 3.124505e+8
3 1.5148315e+7
4 2940020.2
5 107039.234
6 2997223.5
7 50448.23
8 344489.16
9 62383.105
10 33064.61
11 88995.25
12 83587.48
13 30121.416
14 4290.598
15 9175839.0
16 121999.25
17 162031.2
18 47946.336
19 2467594.2
20 116678.02
21 59752.617
22 3.012675e+10
23 60034.24
24 51866.016
25 30367.227
26 60124.836
27 28.101076
28 1.3599734e+8
29 29974.406
30 152392.75
31 2469472.0
32 769408.4
33 2.3297724e+7
34 68361.63
35 1.01018855e+12
36 3.1774882e+7
37 90023.86
38 2213.574
39 29998.576
40 304033.37
41 3.0200632e+7
42 3067787.0
43 225320.58
44 3.031828e+7
45 3041466.0
46 37155.098
47 37191.875
48 36.54399
49 94250.36
50 131511.9
51 31198.78
52 458791.25
53 61065.496
54 6223412.0
55 164300.73
56 30529.123
57 694878.3
58 2.0755108e+10
59 664874.7
60 9955192.0
61 90972.74
62 130052.56
63 64280.78
64 452.06406
65 62333.35
66 2333839.5
67 39797.4
68 30327.758
69 30254.59
70 122108.25
71 8750866.0
72 3002750.2
73 754840.94
74 1.7078786e+7
75 2098824.5
76 8196.619
77 1329751.7
78 90283.73
79 3.3760128e+7
80 75067.72
81 3.0111603e+11
82 60128.016
83 60668.785
84 4.5970715e+11
85 3042833.5
86 3042858.0
87 28.26992
88 1714675.5
89 2478.2573
90 123643.74
91 3127070.5
92 3007.8535
93 4.5970663e+11
94 712665.4
95 180855.98
96 289006.7
97 3666080.0
98 135890.69
99 2.9895802e+8
