0 2237738.0
1 2261.8525
2 228112.31
3 14590.823
4 18271.729
5 2842975.7
6 69341.484
7 206205.44
8 2666874.2
9 5.0170522e+8
10 1.11691824e+8
11 1461.9196
12 521308.22
13 121393.1
14 203550.06
15 133.83958
16 19037.26
17 450.25488
18 274.54437
19 24791.754
20 153.04971
21 213205.27
22 92.85064
23 9590.731
24 19541.764
25 304567.75
26 223068.27
27 19096.305
28 422.45355
29 12108.948
30 1105.4637
31 1.1627689e+7
32 12554.268
33 42165.957
34 24224.025
35 3.1809037e+8
36 47149.16
37 487586.94
38 942418.94
39 117.21771
40 1.9540228e+7
41 275.34238
42 22413.613
43 104.77806
44 2.0197316e+9
45 2774.4712
46 79593.055
47 42.928238
48 833.0813
49 20037.404
50 40208.348
51 16970.594
52 37693.82
53 130.7221
54 347.43088
55 2007.8481
56 375643.78
57 52.94531
58 237.4655
59 11639.866
60 180.34132
61 67.84522
62 102.57723
63 2269.7373
64 63.091362
65 119.902565
66 4074.9548
67 50.00632
68 46.30132
69 78.179146
70 1822.3525
71 41.110703
72 557579.75
73 2570.1902
74 62.537514
75 99.25732
76 187558.53
77 219430.78
78 202250.03
79 26.635994
80 9325.583
81 70.45606
82 7.1504254
83 33.48526
84 130.12463
85 9485.924
86 4831.2124
87 326.0473
88 30.039837
89 353.2381
90 579.7992
91 66672.266
92 69.69321
93 591499.5
94 4132.3027
95 220395.9
96 10.404457
97 2133.558
98 46.53031
99 20009.072
0 2940318.7
1 3220.2024
2 13172.501
3 1087.1108
4 7803.861
5 7469.0747
6 43943.18
7 167.14676
8 205.90744
9 2.122931e+7
10 166.49634
11 2307.1223
12 845.87
13 295.26056
14 8399.126
15 1122.0205
16 109.26158
17 2201.9229
18 105.92539
19 172.07831
20 12204.598
21 2291.733
22 4100.147
23 270373.56
24 3240.6335
25 2323.48
26 152.05447
27 6396.5664
28 8351.962
29 4085.1387
30 4474.8604
31 6.018743
32 161.85838
33 5.914513e+8
34 252.52188
35 96.31724
36 8.326972
37 99.17193
38 2066804.9
39 241.34628
40 18.532566
41 74.11574
42 2064.3582
43 49.466343
44 47.766953
45 1896.1947
46 6245.2407
47 97.325935
48 271.94235
49 1120990.7
50 27.936909
51 47.352272
52 2295.862
53 41.411057
54 26.347437
55 25.796856
56 25674.193
57 2033.8285
58 77.49056
59 186.2383
60 6.217308
61 29.141094
62 52.74452
63 4358.3203
64 47.177135
65 75.46718
66 88.82514
67 45.63757
68 64.94725
69 30.300323
70 2031.7579
71 27.486488
72 150.01434
73 9242.352
74 6.678506
75 2029.4382
76 4291.8877
77 250.34378
78 24430.555
79 31.221796
80 153.88156
81 62.927773
82 2062.2603
83 11.562793
84 48.18285
85 459.47406
86 129.84041
87 107.276306
88 3044.2246
89 7.332842
90 6.04061
91 61.040947
92 281.89838
93 1122.1543
94 24.314573
95 3216.907
96 5.566078
97 6.7216015
98 57.573746
99 4.1334915
0 1586342.1
1 1072.2561
2 543.63245
3 636.33496
4 642.5355
5 19015.027
6 539.52045
7 249.25655
8 140.509
9 224.37502
10 87.13833
11 121.17384
12 231.4495
13 2142.0066
14 54.101048
15 199361.27
16 33.873024
17 2028.9513
18 75.10828
19 79.63992
20 151.20264
21 29.612953
22 104.565346
23 2138.756
24 176.74872
25 28.45449
26 75.37137
27 68.28022
28 18.791906
29 46.962414
30 117.341354
31 258.41428
32 61.803864
33 67.744804
34 95.6904
35 121.897675
36 136.22995
37 53.642235
38 274.18484
39 32.31676
40 75.65238
41 680.0999
42 81.784584
43 173.58835
44 25.828703
45 653.4004
46 219.30899
47 9.883324
48 97.76661
49 57.02206
50 6.492448
51 271.35504
52 63.912205
53 161.89308
54 103.88527
55 48.023056
56 52.7587
57 8.95099
58 1.1048892e+8
59 69.53505
60 54.77469
61 52.41625
62 75.22927
63 49.406425
64 1982.3112
65 28.409992
66 49.98212
67 634.48267
68 7.536735
69 2067.5625
70 32.955353
71 85.14495
72 47.21667
73 212461.14
74 43.947853
75 48.18032
76 505.20676
77 118.18869
78 8347.765
79 45.188866
80 128042.18
81 38.876072
82 78737.75
83 58.730892
84 71.91263
85 2384.8132
86 2134.0747
87 90.88653
88 2075.847
89 45.218117
90 48.058983
91 1260186.0
92 9.420281
93 28298.516
94 2022.1855
95 70.40848
96 50.878944
97 86.03579
98 71.91536
99 1893.781
0 1008985.94
1 1489.53
2 3109.3025
3 2429.647
4 8238219.0
5 2563.014
6 211.58853
7 276764.56
8 198276.36
9 198570.27
10 20292.047
11 202088.5
12 2189.5952
13 4231.838
14 4112.321
15 147.53606
16 5074.9937
17 18303.348
18 1049273.0
19 2067.8306
20 28832.842
21 718.882
22 2089.7039
23 6028.6064
24 51903.93
25 19124.418
26 2324.9233
27 28.53236
28 4558.6597
29 91.27984
30 210.1883
31 4401.363
32 763.3378
33 117.378456
34 2291.751
35 200716.1
36 154.18637
37 30.792105
38 245.21442
39 99.580124
40 47.686756
41 95.0116
42 1989.5127
43 47.388763
44 70.885735
45 60.086224
46 17.645187
47 223.85565
48 17.831705
49 90.59883
50 69.859406
51 2032.8464
52 51.0456
53 28.105484
54 340.95544
55 6.745243
56 7.4597564
57 47.556263
58 26.928652
59 147.20905
60 7031.1787
61 1362.1631
62 151.92763
63 60.206306
64 67.02803
65 5273.3003
66 51.341488
67 69.326485
68 27.965647
69 588477.06
70 8.137388
71 271.9537
72 4834.7617
73 14.182551
74 18.213684
75 34.037857
76 61.674217
77 8.463848
78 77.16326
79 50.551117
80 29.262514
81 101.16172
82 67.40944
83 67.47797
84 109.59792
85 5.8791366
86 51.916107
87 2022.2947
88 88.681206
89 31.903599
90 35.795914
91 85.15542
92 87.42659
93 31.514832
94 32.096836
95 50.123
96 11.569453
97 647.2205
98 9.736711e+7
99 96.05889
0 370000.0
1 4422.078
2 8403.424
3 2672.8665
4 445.13913
5 4310.2363
6 28022.732
7 392.38245
8 8371.097
9 265.432
10 2327.6877
11 273.0887
12 2644.1113
13 74356.99
14 119.561356
15 2169.0806
16 2500.8098
17 207521.66
18 87.33715
19 401677.62
20 440.74225
21 10347.495
22 113.2747
23 2339.6074
24 1053.2817
25 686.0895
26 207540.86
27 2.6145253e+8
28 565.1828
29 43245.59
30 23857.145
31 127.76154
32 1894.261
33 64.26214
34 591.24036
35 14564.754
36 77.79876
37 56.75849
38 584.091
39 625847.6
40 205.27841
41 152.23856
42 55.955463
43 513.87256
44 88.59829
45 52.030823
46 39.664593
47 48.360905
48 135.04562
49 5566.955
50 217.46295
51 47.015694
52 200499.83
53 310.87314
54 30.73221
55 4143.8154
56 367189.78
57 3656948.5
58 8.591022
59 120.44635
60 2019.3369
61 2044.8059
62 2091.6514
63 3649.9832
64 3598.8953
65 66.386894
66 2861.833
67 47.801006
68 66.26663
69 7219.139
70 4067.1528
71 7.327882
72 117.67461
73 49.1625
74 4104.5034
75 64.08097
76 52348.76
77 6.359991e+9
78 45.364483
79 60.61811
80 6.2746906
81 23.610712
82 28.91695
83 447.42932
84 2096.7515
85 46.946632
86 27.360184
87 48.486088
88 194494.2
89 25.494278
90 58.5784
91 45.252476
92 67.106674
93 23.395292
94 49.13265
95 29.977442
96 65.35016
97 973.38605
98 49.320053
99 66.76026
0 15529.167
1 7129.194
2 400.264
3 270.20456
4 692.90674
5 230.96542
6 327.50836
7 290.2295
8 711.12463
9 394.30505
10 2138.915
11 2188.7285
12 6256.988
13 9995.488
14 38932.223
15 165.40671
16 164.22499
17 4212.8237
18 3185.8115
19 456.35056
20 2153.9746
21 73.15251
22 9.5958264e+7
23 66.38679
24 9415.025
25 9475.178
26 52.397713
27 47712.01
28 55.00239
29 147.56593
30 2064.1255
31 141.4881
32 2.9276198e+7
33 79.67761
34 110.81678
35 1020.52625
36 275.52542
37 5675.792
38 125.9877
39 203925.84
40 509.73874
41 1891.4065
42 30.711496
43 2472.114
44 232.48715
45 70.2779
46 333.45975
47 17.512943
48 28.577312
49 445.67545
50 195.81119
51 135.32079
52 7854.9253
53 121.54947
54 58.60437
55 80.278625
56 409.10175
57 470346.37
58 1.9984488e+7
59 14.334598
60 3517.0728
61 8.715189
62 67.27183
63 2048.441
64 39664.016
65 29.330868
66 2020.46
67 32.620743
68 26322.678
69 9249.078
70 2064.4568
71 3.8236408e+7
72 2072.1973
73 6.880837
74 2022.0896
75 4954.8394
76 54.22965
77 4080.9973
78 4460.8413
79 31.56623
80 310.91022
81 2062.8997
82 48.39592
83 6.3489985
84 33.015327
85 80.16166
86 28.35364
87 149.21753
88 86.56226
89 4818.73
90 117.662155
91 2023.1184
92 8.402844
93 25.674198
94 70.77126
95 97.89933
96 11.977759
97 350.61288
98 36.814735
99 9.421844
0 3044088.5
1 475.76532
2 584.2019
3 276.22366
4 515.5623
5 232.76117
6 2126.5876
7 3751.583
8 581.2266
9 2327.1763
10 437.8545
11 2256.6848
12 203.07855
13 248.60509
14 81274.47
15 176.84268
16 528.3829
17 262730.6
18 143.47458
19 5542.91
20 195390.67
21 1851.389
22 122.376816
23 183.89075
24 27169.732
25 130.29173
26 213.95381
27 347.37537
28 162.4973
29 290.49106
30 2142.8306
31 179.0916
32 636.2411
33 91.00332
34 187.4185
35 91.94347
36 99.876114
37 238.49425
38 42.66729
39 112.733215
40 152.3485
41 204.80171
42 234.40875
43 27.928802
44 2116.6829
45 180.86778
46 283.6707
47 102.660995
48 2163.176
49 1052.2261
50 16.092741
51 204.91971
52 2050.1252
53 49.369095
54 29.457516
55 3239.2327
56 2307.3877
57 514.02264
58 549.8212
59 4448.1064
60 7033.0166
61 1587.0223
62 71.77928
63 495.9528
64 26.954641
65 81.206085
66 203102.69
67 2229.778
68 111.62935
69 2020.4254
70 31.64859
71 41.92712
72 39.4761
73 111.173904
74 10.78305
75 23320.764
76 438.96506
77 46.74314
78 63.196594
79 84.58756
80 24.746794
81 4049.6238
82 47.824333
83 1.0250405e+8
84 7375.3335
85 32.39406
86 49870.836
87 67.38238
88 2373.6733
89 3.9226956e+7
90 2643.6116
91 77.47252
92 40.37643
93 176.93016
94 2363.8716
95 319.44446
96 88.25581
97 348.3005
98 794.5476
99 258.0664
0 3729338.0
1 1025.5511
2 413.76227
3 3964.0977
4 444.1694
5 313.12445
6 285.91772
7 401.6435
8 1118.4752
9 200645.34
10 324.53027
11 144126.61
12 264.72318
13 289.60568
14 149.74619
15 203028.23
16 70.313034
17 295.45944
18 206.59756
19 104.288795
20 90.68217
21 56823.56
22 4106.9907
23 149.29628
24 2705.6155
25 2038.808
26 68.79739
27 228.50876
28 288.408
29 79.89078
30 147.11256
31 2067.7974
32 64.11888
33 29.828196
34 86.821945
35 204.07509
36 73.88491
37 3820.2395
38 34.245575
39 229.1234
40 3804.8933
41 2109.0452
42 2180.5168
43 11541.924
44 7975.921
45 141.7711
46 148.70094
47 33.54352
48 4098.739
49 234.03365
50 94.48652
51 195701.8
52 96.995636
53 2084.6077
54 198207.61
55 6407.155
56 109.26267
57 99.14583
58 2069.6028
59 196205.47
60 14.28676
61 52.782978
62 157.73238
63 106.02612
64 24.655943
65 31.011265
66 202044.39
67 4035.712
68 10.409154
69 5802.4023
70 7776.082
71 1967.1367
72 108.55253
73 67.13387
74 6461.4014
75 66.587
76 29.580788
77 48.361744
78 9526.737
79 7.904453
80 46.396183
81 3971.827
82 1122.0745
83 1993.4103
84 3809.545
85 193.44328
86 121.52128
87 66.95078
88 122.320724
89 9.679028
90 48.642216
91 47.40158
92 2840.768
93 153.88072
94 70.30991
95 27.833376
96 468.19705
97 367.09
98 58.720867
99 2106.2979
0 1.4018255e+21
1 209750.39
2 3235346.2
3 246371.11
4 5025488.0
5 811269.7
6 4.590912e+9
7 41137.51
8 152571.25
9 4423211.5
10 399.75937
11 30792.96
12 723683.2
13 1.2117078e+7
14 3.077574e+8
15 719632.94
16 6.8937744e+7
17 726105.1
18 30612.674
19 2980566.7
20 6.8872416e+7
21 6.580648e+7
22 1.17096216e+8
23 6646229.5
24 2453406.0
25 2.9912275e+8
26 1.1987048e+7
27 5988818.0
28 2.7390992e+7
29 4020756.7
30 3093484.5
31 1.1936596e+7
32 4.4989444e+15
33 6137250.0
34 30386.826
35 1.33811816e+8
36 3711044.2
37 2.1087525e+8
38 1.3306523e+8
39 3130337.0
40 1.3436642e+8
41 6.4330092e+7
42 4.4686128e+15
43 6740902.5
44 1.3755813e+11
45 1.8938086e+8
46 5980858.0
47 60034.824
48 59821.84
49 6.7017805e+9
50 724878.3
51 6083591.0
52 392133.97
53 4.6291524e+11
54 3115833.2
55 2993814.2
56 6002734.0
57 4.5178467e+13
58 5015129.5
59 6100463.0
60 6.852586e+8
61 9104796.0
62 4.909314e+12
63 59039.348
64 1.8632324e+24
65 752843.9
66 3.1010637e+8
67 4240947.0
68 4.5775854e+11
69 3.41835e+11
70 4.583581e+11
71 6020446.0
72 30242.414
73 79150.04
74 4.5775366e+11
75 7127132.0
76 3642804.0
77 120521.6
78 2.902315e+10
79 58501.715
80 30547.98
81 3748141.5
82 1925495.0
83 9.60237e+8
84 3122352.2
85 2.9020099e+10
86 60588.293
87 3366201.5
88 6947467.0
89 1.0939545e+7
90 3126008.5
91 4.1299008e+7
92 89.50259
93 4.63387e+9
94 663640.8
95 6016418.5
96 5887765.5
97 3738550.2
98 3657993.0
99 3.046771e+11
