0 2249373.2
1 1776.0107
2 32432.984
3 232848.22
4 2.0493382e+7
5 2.0295688e+7
6 2.0918572e+7
7 667115.6
8 212146.22
9 1875084.2
10 4429.371
11 7489.3774
12 2069385.2
13 9.4178456e+7
14 2.5710876e+12
15 4459.172
16 1709278.1
17 2948468.7
18 203331.11
19 131.28972
20 25118.717
21 1.904101e+8
22 3.9443023e+9
23 2234160.5
24 104955.63
25 9771.309
26 1.7543841e+9
27 2609.3354
28 961004.44
29 4.4147315e+8
30 721.14105
31 1435908.4
32 2.3169454e+8
33 4191.069
34 6345.0786
35 2641.18
36 9.9990496e+7
37 114.360954
38 19003.633
39 12513.204
40 977.39435
41 11358.728
42 1984.8185
43 128.79198
44 4437.235
45 3004.8125
46 2.0260056e+7
47 2219.2195
48 1884.362
49 181930.44
50 4068.8755
51 237.74687
52 7.583387e+9
53 7813.0674
54 55.33349
55 966.1757
56 295.18558
57 110.34181
58 46.627747
59 111081.89
60 740.537
61 146.58556
62 911296.25
63 47.93996
64 298.37912
65 1.8224776e+17
66 94.38251
67 569.657
68 217.43771
69 352.14883
70 4487.0635
71 2265.643
72 2043.9899
73 2518.9756
74 11646.686
75 4.0185363e+8
76 2369.4497
77 47.19811
78 2.0058724e+7
79 2611.5925
80 4044.7158
81 278273.28
82 2765832.0
83 203769.02
84 613.26056
85 72.563
86 2147.42
87 891.2263
88 1782641.4
89 1316.1007
90 4.0585555e+8
91 363.07626
92 2.805772e+9
93 12.390101
94 221.97484
95 1278523.5
96 7239.914
97 2113328.7
98 1405783.6
99 903.1349
0 3006358.0
1 2632.5637
2 6021.303
3 1118.5282
4 4500.3335
5 2458.9363
6 396.76276
7 2973.3555
8 198.40271
9 181.63893
10 14935.513
11 410.75287
12 119.046196
13 128.35461
14 187.5651
15 123.340485
16 135.02269
17 557.61316
18 206902.92
19 360.98196
20 4413.272
21 251.09763
22 34658.94
23 167.03645
24 2112.9849
25 466.123
26 109.651184
27 27.8423
28 30.195948
29 45392.207
30 60.139095
31 2106.379
32 75.63413
33 26.366837
34 246.56223
35 60.5325
36 91.95808
37 139.31018
38 4203.7827
39 80.59582
40 47.02409
41 81.31154
42 35.221264
43 48.06577
44 11.772882
45 29.61688
46 2068.1157
47 6.9721484
48 49.54889
49 1015848.1
50 58.613094
51 27.749468
52 68.85847
53 37.570545
54 45.613094
55 70.75577
56 110.27219
57 27.696695
58 83.40173
59 33.692425
60 8535.478
61 1195.5872
62 68.61481
63 29.12957
64 91.90323
65 4316.3145
66 11.569108
67 4121.732
68 28.400805
69 2090.3767
70 236.33806
71 45.58171
72 484.06683
73 27.905348
74 45.785946
75 5372.1445
76 157.0798
77 27.684235
78 237.10176
79 105.62269
80 6.7621503
81 98.83064
82 45.51942
83 566.42004
84 338.94394
85 126.98232
86 26.013039
87 70.09479
88 75.96565
89 69.41685
90 4247.159
91 30.80648
92 336.34424
93 30.432575
94 1149.0941
95 283.48538
96 34.161533
97 151.86772
98 50.887173
99 57.214546
0 1852762.9
1 1643.6152
2 584.89484
3 604.098
4 692.7796
5 2129.5085
6 293.0742
7 5103.614
8 659.276
9 2538.5754
10 123.34996
11 55.542664
12 171.45367
13 484.47662
14 139.60753
15 194.8312
16 165.95465
17 115.346436
18 522.22906
19 129.3715
20 1413.7517
21 156.40704
22 47.366444
23 151.75504
24 112.09106
25 274.17645
26 68.132065
27 172.10345
28 138.8805
29 52.783794
30 54.924194
31 51.3661
32 139.68204
33 87.56041
34 28.178156
35 82.171776
36 127.165
37 146.62791
38 56.078087
39 87.30479
40 28.548326
41 130.81851
42 71.278404
43 48.150627
44 136.50612
45 95.7327
46 28.345789
47 72.10592
48 6.964645
49 49.324314
50 9.908866
51 144.9703
52 131.63698
53 60.322376
54 44.675762
55 89.0065
56 2100.5898
57 142.09656
58 279.46878
59 48.8494
60 374.84195
61 50.258835
62 146.47343
63 104.736046
64 164.73174
65 52.071407
66 7.0250735
67 64.71688
68 48.39129
69 47.19843
70 105.79853
71 26.050106
72 9.112601
73 47.935143
74 34.26783
75 356.35034
76 110.085686
77 86.66681
78 33.312065
79 46.299347
80 198.80385
81 6.587023
82 11.158043
83 56.941673
84 49.259804
85 55.478626
86 47.838627
87 5.3713036
88 47.38821
89 5.093241
90 29.925224
91 5.462974
92 20368.016
93 47.161594
94 49.085667
95 105.17549
96 11.195125
97 6.0510607
98 26.995667
99 24.44087
0 1048972.1
1 742.05865
2 851.9855
3 939.65424
4 794.62695
5 23113.283
6 572.51385
7 469.494
8 19678.297
9 2135.473
10 2213.0083
11 4652.997
12 603.64575
13 2488.2354
14 4220.3735
15 176.66069
16 4597.676
17 214.86478
18 4024.1265
19 861.9759
20 2389.292
21 3304.5337
22 202685.56
23 2959.3745
24 88.010826
25 203822.62
26 89.16742
27 152.0608
28 29.23257
29 49.051407
30 126.89757
31 1263.125
32 230.8625
33 39.711678
34 2041.846
35 27.653223
36 166.8539
37 7049.1567
38 101.44838
39 28.391634
40 84.15385
41 157.97781
42 67.07976
43 2062.4707
44 2049.2534
45 1960.3402
46 71.045044
47 49.356655
48 166.09851
49 87.317215
50 52.111805
51 67.951065
52 2001.3937
53 2031.0823
54 46.44058
55 2067.3562
56 85.31087
57 43.568565
58 33.934025
59 26.880152
60 9044.22
61 1984.6863
62 91.69303
63 49.70615
64 37.238953
65 106.962685
66 6247.477
67 122.686195
68 147.7113
69 47.122395
70 104.54411
71 790.7006
72 2038.6078
73 3405.3289
74 87.54266
75 5.730089
76 90.14382
77 1.9651202e+7
78 9.9662695
79 2041.9542
80 184.56491
81 4222.083
82 333.60162
83 7.2831907
84 37.52135
85 105.0005
86 2169.6555
87 104.8297
88 6.021026
89 17614.383
90 6.6771555
91 57.185703
92 6.9452643
93 29.529648
94 309.80264
95 47.671185
96 11438.052
97 27.374714
98 25.34433
99 44.832813
0 370768.84
1 2570.5032
2 485.24228
3 292.64322
4 241.31369
5 150.34299
6 247.21991
7 72.02083
8 130.45882
9 272.56876
10 1435.2585
11 43.543804
12 65.27505
13 62.530674
14 38.69538
15 400.1831
16 33.86219
17 35.949
18 16.83855
19 11.326896
20 32.86056
21 10.447439
22 53.571438
23 70.898994
24 32.528934
25 34.227642
26 30.836973
27 12.510484
28 28.340769
29 7.53658
30 9.2510395
31 47.74688
32 9.020725
33 70.22178
34 49.52719
35 9.314567
36 9.389609
37 7.496824
38 27.644875
39 27.898863
40 5.704874
41 8.479122
42 7.1050076
43 7.43651
44 108.50353
45 7.020642
46 7.5256534
47 7.7071505
48 8.128751
49 47.92643
50 27.841078
51 29.460009
52 25.713995
53 25.241001
54 28.19289
55 135.90051
56 8.19535
57 26.672626
58 26.429121
59 67.82714
60 26.790596
61 84.168655
62 25.416481
63 544.9436
64 8.57805
65 67.49098
66 7.072533
67 29.324966
68 28.52381
69 8.051034
70 65.47182
71 7.9196754
72 5.9407673
73 25.609144
74 46.419884
75 25.286095
76 27.949165
77 4089.011
78 5.7745624
79 47.060402
80 8.31051
81 89.49902
82 69.31544
83 1986.2786
84 29.236616
85 46.840828
86 26.266197
87 8.087007
88 6.931199
89 28.532305
90 25.200489
91 48.202454
92 6.9306827
93 22.058752
94 82.287346
95 21.039371
96 6.6733255
97 130.23354
98 49.028255
99 146.58882
0 16071.3
1 760.21606
2 7021.2646
3 8114.6895
4 2800.296
5 209550.44
6 6372.9424
7 4315.5903
8 6475.4717
9 14137.893
10 203.0263
11 812569.9
12 9855.648
13 117.81838
14 2872.3513
15 79.026054
16 216.78386
17 133.56474
18 216.87065
19 124.50627
20 78.43363
21 3000.726
22 62.05522
23 4202.819
24 170.13652
25 186.87886
26 74.23842
27 133.01756
28 169.53517
29 71.33972
30 129.11464
31 7555.376
32 2047.0751
33 319.2412
34 163.98792
35 48.00689
36 4353.4634
37 191.29128
38 4866.0757
39 44.311523
40 78.55269
41 4063.1128
42 66.24254
43 58.72868
44 2114.9014
45 2954.779
46 4255.8906
47 140.07872
48 45.859882
49 176.28781
50 1457.2701
51 86.58557
52 176.14836
53 6149.262
54 107.38046
55 46.581398
56 64.62617
57 65.2652
58 205831.95
59 37.414963
60 174.25627
61 71.90245
62 64.853226
63 380.17093
64 157.68541
65 85.35794
66 870319.2
67 58.4066
68 119.14997
69 141.87575
70 79.150826
71 90.11845
72 69.07531
73 89.911766
74 203366.84
75 126.5967
76 178.41122
77 121.87414
78 66.087616
79 86.01698
80 54.600334
81 155.53558
82 2167.2195
83 69.54555
84 68.437126
85 107.1868
86 883.24927
87 66.141396
88 35.580254
89 66.159584
90 54.125248
91 126.266594
92 56.49098
93 202274.14
94 210053.66
95 3436.2117
96 201152.72
97 75.0699
98 113.891174
99 203828.17
0 4.618694e+7
1 563.0179
2 210.67337
3 305.58716
4 353.59445
5 295.29575
6 206.04509
7 203.72156
8 144.889
9 180.94261
10 101.29078
11 60.12869
12 65.365486
13 15.077926
14 15.988298
15 20.084003
16 15.985207
17 15.542474
18 15.401075
19 12.481978
20 13.429325
21 12.2506075
22 13.42168
23 12.069453
24 13.2436905
25 11.672945
26 13.235595
27 9.336611
28 12.07515
29 7.37198
30 10.308116
31 9.331773
32 8.539393
33 8.338448
34 9.3123255
35 11.28754
36 10.131062
37 8.544265
38 7.7598686
39 9.492496
40 8.148685
41 6.178397
42 10.487186
43 8.164274
44 9.545525
45 8.546473
46 9.143777
47 8.748988
48 8.9593
49 7.598822
50 9.384755
51 8.394617
52 8.989314
53 9.162603
54 10.334834
55 6.397923
56 8.936051
57 8.73549
58 9.330214
59 10.510393
60 7.759072
61 7.766521
62 9.14534
63 8.731003
64 9.310807
65 10.104747
66 10.1149845
67 9.731066
68 7.5654297
69 8.164236
70 10.3167
71 9.908093
72 9.708045
73 9.725105
74 8.743871
75 9.342826
76 8.953317
77 8.3429365
78 10.115867
79 11.111468
80 8.367753
81 8.756351
82 9.745933
83 10.329069
84 9.538682
85 7.372016
86 8.564544
87 9.72272
88 9.135787
89 7.3684845
90 10.708106
91 10.116139
92 7.7501187
93 9.344565
94 10.135641
95 9.537624
96 9.130313
97 8.521989
98 10.695179
99 10.684762
0 3508781.5
1 879.95123
2 276.44012
3 168.73225
4 166.10326
5 140.26993
6 103.09239
7 136.06284
8 78.671875
9 54.624763
10 12.66544
11 34.14857
12 12.064779
13 10.0714035
14 11.0607605
15 10.073595
16 8.864265
17 10.238124
18 10.429468
19 8.635587
20 8.818464
21 8.420852
22 7.6230197
23 7.79752
24 9.178824
25 9.361388
26 9.944315
27 9.7709055
28 9.170582
29 6.421929
30 7.8008184
31 11.13623
32 9.743069
33 10.334276
34 8.148223
35 6.9726048
36 8.360107
37 9.1385975
38 8.751883
39 9.340701
40 9.936872
41 6.97559
42 10.707659
43 10.313759
44 7.169881
45 7.380371
46 8.95306
47 9.747444
48 11.51742
49 10.723507
50 8.953887
51 9.751515
52 9.747635
53 7.7781086
54 7.967788
55 8.958271
56 8.928148
57 9.715967
58 8.154188
59 8.945184
60 10.329447
61 8.936651
62 9.524269
63 9.130615
64 9.721051
65 9.13008
66 9.927847
67 8.738777
68 9.726064
69 6.5852537
70 7.7556696
71 6.7697763
72 8.947403
73 7.965321
74 8.951708
75 7.57907
76 7.7742357
77 9.938951
78 10.139519
79 7.9815483
80 8.982165
81 10.347202
82 10.554419
83 9.945486
84 9.184406
85 9.763691
86 7.984598
87 9.154919
88 10.157546
89 10.350636
90 9.563673
91 8.981935
92 8.007407
93 8.409174
94 8.805134
95 10.772194
96 11.953917
97 9.757488
98 10.560795
99 10.35338
0 1.4010943e+21
1 768662.3
2 3375736.5
3 270147.87
4 240245.22
5 210071.33
6 270693.06
7 90734.8
8 120652.48
9 30167.979
10 222.68588
11 61444.51
12 2278.896
13 154.97598
14 672.6495
15 30180.467
16 547.8031
17 30846.303
18 30065.687
19 6.7622784e+7
20 89.330765
21 7.3547456e+7
22 665997.9
23 30107.787
24 30026.65
25 30094.549
26 3006806.2
27 60471.91
28 3003852.5
29 58.875423
30 2974039.7
31 60.11993
32 59996.516
33 6.7653784e+7
34 565.681
35 64658.758
36 3653875.5
37 551.81335
38 2013.0682
39 595.8304
40 29986.336
41 8.619594
42 526.4023
43 30060.707
44 2036.7887
45 83.00526
46 31.656387
47 29.364258
48 46.270603
49 472.272
50 606.3159
51 2452.324
52 461.96582
53 96.90069
54 3005890.7
55 28.379684
56 1344472.7
57 128.77301
58 129.25955
59 68.090836
60 33.63429
61 45.444946
62 30447.521
63 56.605873
64 28.96715
65 6.878622
66 507.83243
67 29.061954
68 99.39245
69 34.526737
70 28.19996
71 60152.23
72 60059.824
73 30100.28
74 26.030535
75 30046.305
76 30359.627
77 925.15295
78 53.885117
79 30476.596
80 65.109344
81 695953.9
82 10.68102
83 667908.75
84 55.28579
85 30106.156
86 665540.06
87 30038.518
88 30058.473
89 60066.535
90 30127.715
91 26.921858
92 23.949596
93 30213.973
94 18992.373
95 76.72211
96 24.90578
97 74.21894
98 15.39692
99 60107.48
