(9322 1/11/1999 101 102.37 98.81 99.69 22.1 17915700 102.1342857143 95.8903333333 -1.0833333333 97.75)
(9323 1/12/1999 99.5 100.25 97.12 97.75 21.67 16115700 101.5271428571 96.0716666667 -1.54 96.56)
(9324 1/13/1999 95 98.5 94.06 96.56 21.41 21121500 100.9557142857 96.278 -1.0433333333 97.06)
(9325 1/14/1999 97 98.25 96.31 97.06 21.52 15182700 100.1514285714 96.476 -0.23 100.75)
(9326 1/15/1999 98.87 100.94 98.37 100.75 22.34 17970900 99.5885714286 96.803 1.3966666667 101.44)
(9327 1/19/1999 101 101.75 99.56 101.44 22.49 14940900 99.3742857143 97.249 1.46 100.37)
(9328 1/20/1999 101.81 102.19 99.37 100.37 22.25 18061800 99.0885714286 97.5906666667 -0.1266666667 99.31)
(9329 1/21/1999 100.37 101.25 99 99.31 22.02 14646000 99.0342857143 97.874 -0.71 97.87)
(9330 1/22/1999 98.81 99.81 97.37 97.87 21.7 14529000 99.0514285714 98.1216666667 -0.8333333333 100.5)
(9331 1/25/1999 98 101.37 98 100.5 22.28 13832700 99.6142857143 98.4716666667 0.3966666667 102)
(9332 1/26/1999 100.5 102.12 99.94 102 22.62 14510100 100.32 98.9236666667 1.3766666667 101.5)
(9334 1/28/1999 101.75 104.19 101.75 103.44 22.93 13235700 100.7128571429 99.8926666667 0.48 104.87)
(9335 1/29/1999 103.5 105 102.25 104.87 23.25 16677900 101.3557142857 100.2843333333 1.1233333333 102.19)
(9336 2/1/1999 104.94 104.94 102.12 102.19 22.66 13829700 101.7671428571 100.624 -0.4166666667 102)
(9337 2/2/1999 102 102.31 99.69 102 22.62 14113800 102.3571428571 100.8803333333 -0.9566666667 102.87)
(9338 2/3/1999 101.62 104.69 101.37 102.87 22.81 14149200 102.6957142857 101.0803333333 0.2266666667 100.12)
(9339 2/4/1999 102.94 103.5 99.75 100.12 22.2 14165400 102.4271428571 101.1386666667 -0.6266666667 98)
(9340 2/5/1999 99.69 100.12 96.5 98 21.73 20313000 101.9271428571 101.1033333333 -1.6233333333 97.56)
(9341 2/8/1999 98.19 98.87 96.75 97.56 21.63 13485600 101.0871428571 100.9763333333 -0.8533333333 96)
(9342 2/9/1999 97 97.87 95.81 96 21.28 12681900 99.82 100.8116666667 -0.6666666667 97.94)
(9343 2/10/1999 95.75 98.62 95.75 97.94 21.71 12958800 99.2128571429 100.6866666667 0.1266666667 100)
(9344 2/11/1999 97.94 100.12 97.31 100 22.17 11700900 98.9271428571 100.5783333333 1.3333333333 97.62)
(9345 2/12/1999 99.81 99.81 96.31 97.62 21.64 14508600 98.1771428571 100.422 -0.1066666667 99)
(9346 2/16/1999 98.56 99.94 97.31 99 21.95 12843000 98.0171428571 100.322 -0.3333333333 99.31)
(9347 2/17/1999 98.25 101.37 98 99.31 22.02 14055600 98.2042857143 100.2803333333 0.5633333333 100.62)
(9348 2/18/1999 100 101.37 98.44 100.62 22.31 12742500 98.6414285714 100.2113333333 0.54 100.37)
(9349 2/19/1999 100.44 101.44 99.87 100.37 22.25 13081200 99.2657142857 100.0673333333 0.3533333333 104)
(9350 2/22/1999 100.37 104 100.19 104 23.06 17642400 100.1314285714 100.1026666667 1.1266666667 103)
(9351 2/23/1999 103.5 104.5 102.12 103 22.84 14480100 100.56 100.1236666667 0.8766666667 101)
(9352 2/24/1999 103 104.44 100.69 101 22.39 13795200 101.0428571429 100.1673333333 -1 100.37)
