(12817 11/30/2012 21.14 21.26 21.04 21.13 20.77 37857000 21.0071428571 21.1403333333 -0.0033333333 20.82)
(12843 1/9/2013 21.04 21.07 20.93 20.95 20.78 28540500 21.0871428571 21.1606666667 -0.06 21.17)
(12813 11/26/2012 20.88 21.07 20.87 21.06 20.7 47741300 20.61 21.3403333333 0.1266666667 20.87)
(12892 3/21/2013 23.42 23.6 23.29 23.29 23.29 38543900 23.42 23.2833333333 -0.01 23.37)
(12798 11/2/2012 21.53 21.68 21.26 21.31 20.95 47475200 21.2314285714 22.2686666667 0.0833333333 21.41)
(12875 2/26/2013 22.97 23.15 22.91 23.05 23.05 41316300 23.28 22.4753333333 -0.1133333333 23.37)
(12821 12/6/2012 21.2 21.39 21.08 21.37 21 32751200 21.0971428571 20.968 0.17 21.46)
(12863 2/7/2013 22.5 22.51 22.27 22.48 22.3 38325900 22.4142857143 21.626 -0.02 22.5)
(12853 1/24/2013 21.96 22.19 21.95 22.05 21.87 46991100 21.6657142857 21.2833333333 0.0133333333 22.29)
(12893 3/22/2013 23.32 23.4 23.28 23.37 23.37 30606100 23.4028571429 23.313 -0.03 23.24)
(12833 12/24/2012 20.79 20.96 20.75 20.82 20.65 15097200 21.2857142857 21.0386666667 -0.0766666667 20.77)
(12862 2/6/2013 22.47 22.5 22.31 22.44 22.26 42985800 22.4171428571 21.5706666667 0.0433333333 22.48)
(12860 2/4/2013 22.41 22.49 22.28 22.31 22.13 35836600 22.39 21.469 0.01 22.54)
(12861 2/5/2013 22.48 22.62 22.45 22.54 22.36 30917700 22.4257142857 21.5186666667 -0.0266666667 22.44)
(12816 11/29/2012 21.24 21.36 20.95 21.13 20.77 27632800 20.9342857143 21.1906666667 0.0866666667 21.13)
(12869 2/15/2013 23.48 23.55 23.23 23.29 23.1 39283000 22.8714285714 22.0356666667 -0.0333333333 23.75)
(12886 3/13/2013 23.44 23.52 23.4 23.49 23.49 24152400 23.6042857143 23.0823333333 -0.0433333333 23.69)
(12806 11/14/2012 20.73 20.75 19.95 20.01 19.67 65539500 20.8842857143 21.856 -0.2933333333 20.06)
(12897 3/28/2013 23.14 23.2 22.99 23.12 23.12 31151000 23.2428571429 23.3683333333 0 23.08)
(12889 3/18/2013 23.17 23.35 23.13 23.25 23.25 33700000 23.5242857143 23.1906666667 -0.1466666667 23.32)
(12874 2/25/2013 23.5 23.53 22.81 22.81 22.81 51619800 23.3314285714 22.4113333333 -0.15 23.05)
(12803 11/9/2012 20.76 21.3 20.7 21 20.64 40306800 21.2385714286 22.0783333333 -0.0433333333 20.89)
(12832 12/21/2012 20.84 20.99 20.56 20.88 20.71 80833800 21.4 21.0446666667 -0.0433333333 20.82)
(12883 3/8/2013 23.86 23.9 23.68 23.77 23.77 28952100 23.4842857143 22.9746666667 0.0333333333 23.62)
(12848 1/16/2013 21.15 21.2 21.06 21.12 20.95 38932100 21.0842857143 21.1823333333 0 21.3)
(12879 3/4/2013 23.15 23.28 23.03 23.27 23.27 25457800 23.1857142857 22.7523333333 0.0166666667 23.59)
(12855 1/28/2013 22.44 22.54 22.26 22.5 22.32 49558400 22.0185714286 21.3333333333 0.15 22.5)
(12867 2/13/2013 23.11 23.48 23.04 23.39 23.2 84926900 22.6257142857 21.8936666667 0.3133333333 23.41)
(12801 11/7/2012 21.36 21.52 21.07 21.13 20.77 45253400 21.2785714286 22.1623333333 -0.0933333333 20.89)
(12836 12/28/2012 20.45 20.71 20.43 20.44 20.27 32403400 20.8085714286 21.0493333333 -0.11 20.99)
(12815 11/28/2012 20.75 21.15 20.5 21.14 20.78 34782700 20.8671428571 21.241 0.0266666667 21.13)
(12885 3/12/2013 23.59 23.6 23.33 23.41 23.41 36593000 23.5728571429 23.0493333333 -0.12 23.49)
(12820 12/5/2012 20.91 21.36 20.86 21.23 20.87 46466500 21.0257142857 20.979 0.1366666667 21.37)
(12856 1/29/2013 22.49 22.58 22.4 22.5 22.32 34148000 22.19 21.3626666667 0.07 22.23)
(12887 3/14/2013 23.55 23.76 23.51 23.69 23.69 34629800 23.6185714286 23.131 0.0933333333 23.44)
(12870 2/19/2013 23.42 23.75 23.41 23.75 23.56 41219000 23.0528571429 22.1206666667 0.1133333333 23.41)
(12873 2/22/2013 23.35 23.45 23.23 23.39 23.39 27836300 23.4142857143 22.3566666667 -0.0066666667 22.81)
(12827 12/14/2012 21.61 21.76 21.55 21.62 21.25 47536600 21.5357142857 21.037 -0.0533333333 21.93)
(12880 3/5/2013 23.46 23.71 23.44 23.59 23.59 35728000 23.2142857143 22.804 0.1333333333 23.67)
(12828 12/17/2012 21.69 21.95 21.69 21.93 21.56 48483700 21.6157142857 21.0576666667 0.1033333333 21.69)
(12871 2/20/2013 23.71 23.75 23.35 23.41 23.22 38107400 23.1828571429 22.1966666667 0.04 23.26)
(12804 11/12/2012 21.04 21.14 20.88 20.89 20.53 21816400 21.1742857143 22.017 0 20.68)
(12824 12/11/2012 21.48 21.75 21.36 21.51 21.14 45757200 21.2342857143 20.9866666667 0.0166666667 21.78)
(12818 12/3/2012 21.18 21.23 20.8 20.82 20.46 29981900 21.0271428571 21.0706666667 -0.1033333333 20.86)
(12825 12/12/2012 21.61 21.95 21.57 21.78 21.41 42413600 21.3714285714 21.009 0.13 21.62)
(12859 2/1/2013 22.43 22.64 22.32 22.62 22.44 43840300 22.3528571429 21.4256666667 0.13 22.31)
(12819 12/4/2012 20.87 21.01 20.71 20.86 20.5 36817200 21.0014285714 21.0056666667 -0.09 21.23)
(12895 3/26/2013 23.27 23.3 23.01 23.12 23.12 32353500 23.2928571429 23.36 -0.0833333333 23.1)
(12838 1/2/2013 21.51 21.54 21.2 21.34 21.17 46089500 20.8471428571 21.12 0.3 21.1)
(12851 1/22/2013 22.18 22.2 21.9 22.01 21.83 55165800 21.4171428571 21.2453333333 0.2366666667 21.94)
(12829 12/18/2012 21.85 21.91 21.41 21.69 21.32 81119200 21.6485714286 21.067 0.0233333333 21.01)
(12822 12/7/2012 21.44 21.48 21.24 21.46 21.09 33548600 21.1428571429 20.974 0.0766666667 21.39)
(12891 3/20/2013 23.73 23.8 23.33 23.46 23.46 39227400 23.4371428571 23.255 0.07 23.29)
(12852 1/23/2013 21.98 22.03 21.75 21.94 21.76 47228500 21.5328571429 21.2613333333 -0.0333333333 22.05)
(12808 11/16/2012 20.1 20.19 19.87 20.15 19.81 45287500 20.5257142857 21.673 0.0466666667 20.66)
(12842 1/8/2013 21.1 21.12 20.68 20.9 20.73 40045500 21.0142857143 21.1643333333 -0.1 20.95)
(12894 3/25/2013 23.45 23.48 23.05 23.24 23.24 41684400 23.3385714286 23.3376666667 -0.0166666667 23.12)
(12811 11/21/2012 20.7 20.74 20.57 20.68 20.33 41020400 20.4085714286 21.4386666667 0.0066666667 21.04)
(12802 11/8/2012 21.16 21.19 20.88 20.89 20.53 40770700 21.2471428571 22.115 -0.2333333333 21)
(12868 2/14/2013 23.25 23.49 23.11 23.41 23.22 53996500 22.75 21.9626666667 0.2766666667 23.29)
(12876 2/27/2013 23.02 23.4 23 23.37 23.37 29676400 23.2914285714 22.5503333333 0.1866666667 23.22)
(12799 11/5/2012 21.2 21.47 21.2 21.41 21.04 30000100 21.25 22.2346666667 0.0233333333 21.59)
(12834 12/26/2012 20.81 20.94 20.71 20.77 20.6 28557100 21.1642857143 21.0346666667 -0.0366666667 20.69)
(12835 12/27/2012 20.8 20.87 20.42 20.69 20.52 38330700 20.9871428571 21.035 -0.0433333333 20.44)
(12812 11/23/2012 20.81 21.04 20.73 21.04 20.68 35456500 20.46 21.386 0.14 21.06)
(12841 1/7/2013 21.16 21.22 20.96 21.13 20.96 32746700 20.9842857143 21.169 0.01 20.9)
(12800 11/6/2012 21.51 21.78 21.45 21.59 21.22 32733200 21.2971428571 22.2033333333 0.0933333333 21.13)
(12872 2/21/2013 23.18 23.35 23.12 23.26 23.26 47811200 23.2985714286 22.2753333333 -0.1633333333 23.39)
(12849 1/17/2013 21.22 21.54 21.12 21.3 21.13 63851700 21.1414285714 21.197 0.0333333333 22.04)
(12864 2/8/2013 22.5 22.56 22.45 22.5 22.32 24424600 22.4528571429 21.6836666667 0.02 22.45)
(12847 1/15/2013 21.04 21.21 21.01 21.2 21.03 26551000 21.0857142857 21.1723333333 0.0233333333 21.12)
(12865 2/11/2013 22.49 22.51 22.35 22.45 22.27 19738700 22.4771428571 21.7423333333 -0.01 22.58)
(12898 4/1/2013 23.03 23.1 22.97 23.08 23.08 27449700 23.1885714286 23.3573333333 -0.0066666667 23.34)
(12882 3/7/2013 23.7 23.83 23.67 23.68 23.68 22955700 23.4271428571 22.9173333333 0.03 23.77)
(12890 3/19/2013 23.3 23.36 23.17 23.32 23.32 36150200 23.46 23.2243333333 -0.04 23.46)
(12888 3/15/2013 23.44 23.72 23.36 23.44 23.44 58857200 23.5857142857 23.1696666667 -0.0166666667 23.25)
(12830 12/19/2012 21.64 21.66 20.97 21.01 20.65 92330700 21.5942857143 21.0476666667 -0.3066666667 21.05)
(12814 11/27/2012 21.04 21.2 20.85 20.87 20.51 33001700 20.7257142857 21.2856666667 -0.0566666667 21.14)
(12810 11/20/2012 20.67 20.69 20.37 20.62 20.27 26845900 20.4385714286 21.5133333333 0.1566666667 20.68)
(12896 3/27/2013 23.02 23.14 22.85 23.1 23.1 27492500 23.2714285714 23.3773333333 -0.0466666667 23.12)
(12884 3/11/2013 23.69 23.75 23.45 23.62 23.62 34947200 23.5414285714 23.019 -0.02 23.41)
(12854 1/25/2013 22.28 22.31 22.11 22.29 22.11 41919800 21.8214285714 21.3093333333 0.1166666667 22.5)
(12850 1/18/2013 21.94 22.19 21.59 22.04 21.86 113079400 21.2971428571 21.224 0.3066666667 22.01)
(12857 1/30/2013 22.52 22.55 22.23 22.23 22.05 36200400 22.2171428571 21.383 -0.09 22.28)
(12846 1/14/2013 21.18 21.24 21.07 21.12 20.95 31715900 21.0857142857 21.17 -0.0166666667 21.2)
(12831 12/20/2012 20.91 21.24 20.87 21.05 20.88 50831400 21.5285714286 21.045 -0.2133333333 20.88)
(12826 12/13/2012 21.74 21.92 21.55 21.62 21.25 33966000 21.48 21.0276666667 0.0366666667 21.62)
(12840 1/4/2013 21.21 21.26 21.12 21.2 21.03 29802600 20.9328571429 21.154 -0.0466666667 21.13)
(12858 1/31/2013 22.21 22.4 22.18 22.28 22.1 34427700 22.2557142857 21.3946666667 -0.0733333333 22.62)
(12823 12/10/2012 21.43 21.5 21.36 21.39 21.02 27604300 21.18 20.9783333333 0.0066666667 21.51)
(12866 2/12/2013 22.48 22.65 22.48 22.58 22.4 34297500 22.4714285714 21.8136666667 0.0266666667 23.39)
(12881 3/6/2013 23.84 23.84 23.67 23.67 23.67 31539100 23.3371428571 22.8593333333 0.1333333333 23.68)
(12845 1/11/2013 21.22 21.24 21.02 21.13 20.96 41839700 21.0828571429 21.1703333333 0.06 21.12)
(12877 2/28/2013 23.37 23.46 23.2 23.22 23.22 39714600 23.2157142857 22.6176666667 0.0566666667 23.19)
(12878 3/1/2013 23.02 23.34 23 23.19 23.19 41226900 23.1842857143 22.6866666667 -0.06 23.27)
(12805 11/13/2012 20.6 20.95 20.57 20.68 20.33 41073300 21.0842857143 21.9493333333 -0.1066666667 20.01)
(12809 11/19/2012 20.41 20.72 20.39 20.66 20.31 38283400 20.4928571429 21.5966666667 0.2 20.62)
(12844 1/10/2013 21.04 21.23 20.96 21.17 21 33348200 21.1128571429 21.1706666667 0.09 21.13)
(12837 12/31/2012 20.29 21 20.26 20.99 20.82 58785000 20.8057142857 21.0803333333 0.1 21.34)
(12839 1/3/2013 21.48 21.49 21.05 21.1 20.93 48509100 20.8785714286 21.1346666667 0.0366666667 21.2)
