0 2.0190296e+7
1 149369.03
2 268815.16
3 358412.7
4 238948.4
5 328545.28
6 328546.56
7 358413.72
8 298683.3
9 268814.44
10 537610.06
11 298679.06
12 238946.58
13 209082.1
14 358413.12
15 298681.0
16 268815.28
17 358413.2
18 358413.84
19 358412.4
20 328544.56
21 268813.8
22 418143.53
23 238948.67
24 448008.0
25 268816.34
26 388278.22
27 209079.75
28 358411.5
29 507742.78
30 358410.78
31 298683.66
32 328546.3
33 418141.16
34 298679.16
35 328547.97
36 388280.56
37 238946.03
38 537609.9
39 358410.56
40 268814.16
41 477875.75
42 358412.16
43 209081.69
44 507742.6
45 388280.53
46 268811.66
47 418147.25
48 358415.03
49 298679.3
50 89619.95
51 89618.945
52 238945.77
53 179214.37
54 328543.03
55 298679.56
56 418146.53
57 268816.1
58 418145.97
59 179214.37
60 268814.75
61 209079.48
62 268812.9
63 358415.6
64 328546.06
65 388276.7
66 358408.87
67 328545.9
68 388278.22
69 448010.66
70 388282.53
71 238949.53
72 238946.06
73 507743.1
74 388277.4
75 268816.5
76 238948.52
77 388279.37
78 328545.6
79 388276.37
80 358411.03
81 448010.22
82 418145.03
83 537609.0
84 358411.5
85 418144.47
86 209084.48
87 298679.97
88 209080.67
89 328546.66
90 448010.9
91 298680.97
92 418145.1
93 209083.44
94 537609.6
95 298681.37
96 358412.4
97 209083.08
98 268812.97
99 328544.62
0 7986983.0
1 388925.5
2 329095.84
3 478656.8
4 388902.62
5 568376.8
6 269243.94
7 239333.12
8 329072.12
9 269239.66
10 478632.12
11 269237.84
12 299152.06
13 448717.34
14 119671.4
15 149584.66
16 418806.47
17 538461.2
18 358978.75
19 329065.3
20 448720.5
21 329067.4
22 388893.3
23 299154.5
24 329067.78
25 538458.94
26 418805.5
27 418802.78
28 329065.44
29 299149.22
30 478634.12
31 299151.5
32 448717.94
33 299155.0
34 358979.9
35 508545.47
36 179498.06
37 448720.0
38 538460.3
39 508544.12
40 388892.97
41 448716.94
42 448717.75
43 418804.1
44 209409.34
45 239327.86
46 388891.66
47 269237.62
48 418805.5
49 239326.78
50 329062.34
51 418807.72
52 388895.66
53 329061.72
54 448718.37
55 388896.3
56 568370.1
57 358977.97
58 418804.37
59 388891.7
60 239328.86
61 508542.87
62 358974.87
63 239322.25
64 418805.97
65 358979.72
66 299151.56
67 329068.22
68 388891.72
69 508546.7
70 418804.12
71 478632.37
72 329064.5
73 478632.12
74 538458.8
75 418805.87
76 418805.7
77 568368.6
78 598284.5
79 269238.12
80 508546.37
81 358979.84
82 329069.44
83 358979.6
84 448716.8
85 299154.3
86 538458.6
87 448719.87
88 269240.2
89 239328.95
90 478630.53
91 239326.12
92 239327.06
93 448716.6
94 418803.94
95 388892.4
96 358981.66
97 448718.53
98 239329.2
99 418808.78
0 #.*INFINITY-SINGLE*
1 2.9409962e+12
2 4.5834643e+11
3 5.884372e+8
4 9.3028774e+8
5 4.888456e+11
6 8.008224e+7
7 845809.2
8 4.5834443e+11
9 7.9483984e+7
10 3.2503444e+7
11 6.354969e+18
12 1.3750867e+12
13 1.2113388e+7
14 3.023979e+8
15 4.6561568e+11
16 4.5864344e+11
17 9.172863e+11
18 3.8816213e+11
19 1.1183751e+14
20 9.044123e+8
21 4.9590124e+7
22 3.0523274e+8
23 7.1969853e+18
24 9.141916e+13
25 4.6472746e+13
26 3.0606737e+10
27 9.374952e+13
28 4.5834928e+11
29 4.5834748e+11
30 4.5894238e+11
31 3147058.5
32 2.7761646e+7
33 4.5834017e+11
34 4.5895028e+11
35 6.3549683e+18
36 4.583466e+11
37 7.230266e+20
38 3.0660538e+8
39 4.583521e+11
40 4.655612e+13
41 4.38646e+12
42 6.784882e+8
43 3.950021e+10
44 1.14846e+7
45 2.4996008e+14
46 3.8113864e+7
47 1.532571e+9
48 9.305222e+13
49 8.766499e+7
50 1.258648e+7
51 6.5818947e+9
52 3.3166304e+12
53 1.2132129e+7
54 4.5887278e+11
55 4.8827112e+11
56 4.584186e+11
57 3.737282e+7
58 6.925804e+7
59 1.1288617e+7
60 9.173366e+11
61 4.5865553e+13
62 2.5419352e+8
63 2.9951998e+10
64 1.0037548e+17
65 4.9030293e+11
66 3.0132994e+12
67 2.4821e+8
68 9.589042e+13
69 4.635117e+11
70 4.4945744e+17
71 5.546474e+8
72 6.8790103e+9
73 1.2149426e+7
74 9.466176e+11
75 8.391692e+7
76 4.6489187e+13
77 4.589059e+11
78 4.5864907e+13
79 2.7037626e+7
80 1.5947324e+20
81 1.0193956e+13
82 1.0164268e+13
83 4.65148e+11
84 5.2366963e+13
85 7042634.0
86 3.0921875e+10
87 2.1198992e+7
88 6.4467265e+12
89 4.5864958e+13
90 5.629167e+8
91 4.518276e+13
92 4.584438e+13
93 3.1227968e+8
94 9.09906e+12
95 2.5392542e+8
96 4.5863787e+11
97 3.0049952e+8
98 1.2416174e+7
99 4.3312168e+12
0 1.34803275e+23
1 4.402732e+11
2 7.0990106e+8
3 9.042521e+11
4 1.320622e+12
5 4.402771e+11
6 8.852612e+11
7 4.4024824e+11
8 3.327945e+7
9 2.1194504e+7
10 1.5182287e+7
11 3.7122508e+7
12 2.6391396e+7
13 4.635733e+9
14 2.3462666e+7
15 2.2348943e+9
16 8.775437e+9
17 8.844925e+7
18 1.0468025e+8
19 1.2717389e+8
20 2.336341e+15
21 4.706104e+8
22 3.8351534e+12
23 2.7931843e+9
24 3.0419308e+9
25 1.3778851e+15
26 3.8324797e+9
27 8.273452e+7
28 9.159123e+9
29 3.641593e+10
30 1.851323e+17
31 7474333.0
32 7.4466084e+9
33 4.432328e+15
34 7.522939e+16
35 4.708702e+13
36 5.0355183e+12
37 8.933503e+17
38 4.0642216e+12
39 4.3583767e+11
40 9009607.0
41 127313.55
42 6872299.5
43 5.093082e+7
44 3233238.0
45 2.9812016e+8
46 9965044.0
47 3044565.5
48 3.546289e+14
49 1.5861106e+7
50 2.3126334e+7
51 3.0248923e+10
52 6194213.0
53 8.805187e+11
54 1.100041e+12
55 4.1064256e+8
56 2.5518395e+12
57 1.7455646e+7
58 184594.6
59 2.9706416e+8
60 1.3420282e+7
61 7.8871416e+7
62 8.8313363e+8
63 5.127145e+9
64 2.3379331e+8
65 4.9438962e+11
66 1771.9017
67 1.7811138e+7
68 4.495317e+15
69 6.8301783e+18
70 8.5794893e+9
71 9.342757e+12
72 1.6447008e+9
73 1.2769754e+10
74 3.4468154e+8
75 2.2182281e+15
76 2.9723427e+8
77 2994737.0
78 2998318.7
79 1.0110394e+9
80 59076.97
81 4.4534786e+11
82 5866744.5
83 141684.03
84 3.2904544e+15
85 6.725488e+18
86 1.0048384e+14
87 2.8759757e+10
88 6030911.5
89 7.223261e+19
90 3102653.7
91 3718843.5
92 3089505.2
93 4.0569582e+16
94 1.5291966e+17
95 260414.19
96 7.149765e+7
97 9042282.0
98 3.085235e+8
99 9.961352e+9
0 7.074259e+20
1 6.023166e+8
2 4.5632287e+9
3 3090958.5
4 360499.16
5 6642025.0
6 3209066.2
7 5.2997264e+8
8 4.5593032e+13
9 392783.75
10 4.6237877e+13
11 3541152.2
12 5.9201155e+22
13 9.120408e+11
14 8.791329e+8
15 1172834.4
16 7.124002e+18
17 3210582.7
18 3372808.0
19 119526.234
20 4.5793446e+15
21 3.0436674e+10
22 781768.0
23 4.560463e+11
24 4.6284686e+13
25 1.2286271e+8
26 7.1937905e+21
27 9.132322e+11
28 4.5673824e+11
29 4.6291816e+13
30 4.545538e+9
31 2.6979126e+8
32 3112803.5
33 3482564.5
34 2.9689844e+10
35 6.851804e+7
36 2508287.5
37 2.1475565e+12
38 2.1075098e+10
39 2.9541536e+10
40 4.5602246e+11
41 2763222.5
42 3123178.7
43 4.5408536e+15
44 5446985.5
45 7408275.0
46 6077750.0
47 3026659.2
48 9.125394e+13
49 5985054.5
50 1.2137123e+8
51 4.2531196e+7
52 4.5601715e+11
53 3059461.0
54 2.9640186e+8
55 4276268.5
56 3016795.5
57 4.56016e+11
58 345672.16
59 4.5601908e+11
60 7.323621e+20
61 3975040.2
62 7.2510164e+20
63 1.367232e+14
64 3.0007403e+12
65 2961799.2
66 4.5602023e+11
67 6.0003836e+10
68 5.9248193e+12
69 1635344.0
70 1.0372118e+7
71 2.809655e+11
72 1.023546e+14
73 486405.12
74 7.376768e+8
75 3030280.5
76 788905.0
77 4.49444e+11
78 2.282351e+14
79 2.9650224e+8
80 62954.734
81 2663045.5
82 2.0173509e+16
83 66396.2
84 6679400.0
85 4.536443e+11
86 7.270597e+9
87 4.590517e+9
88 53280.16
89 6.101836e+11
90 837002.0
91 2.8688645e+9
92 138236.98
93 4017540.0
94 1.7211147e+8
95 167253.6
96 2798.1287
97 3.1217248e+16
98 70774.62
99 1.02617264e+8
0 4.961851e+13
1 9134559.0
2 69300.516
3 4.5821477e+11
4 87329.79
5 121938.336
6 272219.3
7 9694596.0
8 4.599521e+10
9 4.590634e+15
10 30211.73
11 122962.516
12 923752.6
13 85271.1
14 6138833.0
15 3000977.2
16 40388.324
17 8980006.0
18 3798552.7
19 2997706.7
20 1.0340371e+10
21 4151166.5
22 204002.2
23 7.864369e+7
24 30012.58
25 4.6544686e+13
26 30439.96
27 6.93346e+8
28 63274.4
29 4.5186223e+13
30 62587.36
31 7.8441376e+8
32 111809.07
33 20341.437
34 3134839.2
35 60187.19
36 8532578.0
37 2.9761626e+8
38 1.425818e+10
39 30677.162
40 30079.469
41 61543.777
42 2.255883e+9
43 1.3656196e+11
44 6031272.5
45 3.435101e+8
46 1.0222843e+17
47 3.2840916e+9
48 33287.14
49 2951715.0
50 3252722.7
51 3027098.0
52 220275.52
53 4.586884e+13
54 3136736.7
55 96894.64
56 30550.146
57 4.5418995e+8
58 2993381.7
59 343266.16
60 4.582139e+11
61 3.2430016e+7
62 2.980789e+12
63 3.245915e+7
64 29940.795
65 158961.4
66 273.35345
67 96.05378
68 2299385.2
69 423616.03
70 33078.63
71 2.3656677e+8
72 4110173.2
73 60098.13
74 255745.86
75 43181.633
76 98201.51
77 60444.246
78 2.9642307e+9
79 976.331
80 6724275.0
81 506.4192
82 2987768.5
83 2.9790436e+7
84 2277.9546
85 3040933.5
86 79165.445
87 2994662.7
88 30189.105
89 60749.48
90 59431.902
91 30380.566
92 30219.963
93 402412.75
94 3.0119933e+8
95 3022037.2
96 148651.83
97 331.574
98 4977.971
99 9907.612
