0 2.0258896e+7
1 149876.06
2 269727.9
3 359628.47
4 239757.89
5 329661.53
6 329661.4
7 359630.22
8 299696.56
9 269726.84
10 539435.94
11 299691.22
12 239759.37
13 209793.83
14 359628.22
15 299694.75
16 269726.16
17 359629.6
18 359627.06
19 359632.44
20 329663.5
21 269728.44
22 419562.8
23 239760.2
24 449532.6
25 269728.2
26 389600.28
27 209792.06
28 359630.2
29 509466.9
30 359629.47
31 299698.78
32 329661.75
33 419562.12
34 299694.4
35 329664.03
36 389597.44
37 239758.17
38 539437.56
39 359627.9
40 269728.03
41 479501.94
42 359630.2
43 209791.34
44 509469.56
45 389599.94
46 269726.7
47 419568.78
48 359632.56
49 299693.34
50 89921.48
51 89923.69
52 239758.87
53 179824.12
54 329662.22
55 299694.47
56 419567.62
57 269727.75
58 419568.12
59 179825.12
60 269724.72
61 209794.47
62 269727.0
63 359629.34
64 329662.06
65 389595.94
66 359627.1
67 329663.78
68 389598.2
69 449534.75
70 389599.9
71 239761.69
72 239760.17
73 509468.28
74 389598.4
75 269726.4
76 239761.6
77 389597.47
78 329664.37
79 389594.75
80 359630.06
81 449532.56
82 419564.34
83 539433.9
84 359631.28
85 419567.44
86 209794.23
87 299695.56
88 209795.28
89 329665.03
90 449534.75
91 299695.62
92 419564.4
93 209792.8
94 539435.56
95 299693.2
96 359630.5
97 209793.37
98 269730.8
99 329661.1
0 7861016.5
1 471119.3
2 353343.94
3 618317.3
4 588861.6
5 677187.56
6 264999.6
7 264994.97
8 323880.2
9 382760.72
10 471089.0
11 264993.4
12 294437.47
13 441639.22
14 117785.305
15 147223.61
16 412203.47
17 529968.56
18 294436.22
19 206107.1
20 382760.78
21 88342.79
22 323876.06
23 264991.5
24 323880.6
25 529966.0
26 412199.97
27 412200.34
28 323875.94
29 294431.47
30 471083.5
31 294439.06
32 441640.1
33 294435.25
34 353320.4
35 559410.9
36 176667.5
37 441639.37
38 529963.25
39 500525.37
40 382758.53
41 500524.75
42 412199.44
43 294435.06
44 206107.6
45 235550.69
46 382758.12
47 264991.72
48 412200.37
49 235551.23
50 323875.37
51 412201.66
52 382761.1
53 323874.72
54 441643.2
55 382763.5
56 559409.6
57 353321.03
58 412199.78
59 382761.28
60 235554.66
61 500523.66
62 353315.78
63 235551.17
64 412199.37
65 353317.0
66 294432.5
67 323878.78
68 382755.66
69 500528.72
70 441642.62
71 471083.75
72 323876.25
73 471087.03
74 529965.3
75 412201.78
76 412200.37
77 559403.9
78 588848.5
79 264996.22
80 500526.4
81 353320.3
82 323879.28
83 353318.66
84 471082.12
85 294436.56
86 529968.6
87 441645.56
88 264992.2
89 235555.16
90 471082.72
91 235550.47
92 235553.3
93 441641.3
94 412200.03
95 382760.84
96 353315.97
97 441644.53
98 235554.78
99 412199.03
0 #.*INFINITY-SINGLE*
1 2.9281317e+12
2 4.583517e+11
3 5.8712717e+8
4 9.307884e+8
5 4.887366e+11
6 8.0040024e+7
7 845466.25
8 4.5834984e+11
9 7.939401e+7
10 3.2410898e+7
11 6.3515554e+18
12 1.3751028e+12
13 1.2097758e+7
14 3.0208902e+8
15 4.656019e+11
16 4.5864855e+11
17 9.172959e+11
18 3.8791388e+11
19 1.1154032e+14
20 9.024412e+8
21 4.9280212e+7
22 3.0465722e+8
23 7.197098e+18
24 9.136642e+13
25 4.644637e+13
26 3.0533784e+10
27 9.368389e+13
28 4.583547e+11
29 4.583528e+11
30 4.5894756e+11
31 3140742.5
32 2.7342764e+7
33 4.583456e+11
34 4.5895457e+11
35 6.351555e+18
36 4.58352e+11
37 7.226656e+20
38 3.060266e+8
39 4.5835754e+11
40 4.651192e+13
41 4.1053808e+12
42 6.773021e+8
43 3.9879545e+10
44 1.1468656e+7
45 2.4879595e+14
46 3.8001152e+7
47 1.5290383e+9
48 9.296405e+13
49 8.7569656e+7
50 1.2458865e+7
51 6.539186e+9
52 3.3035722e+12
53 1.2211534e+7
54 4.58877e+11
55 4.8820706e+11
56 4.584239e+11
57 3.7212536e+7
58 6.917996e+7
59 1.1279481e+7
60 9.173456e+11
61 4.5779322e+13
62 2.5378854e+8
63 2.983423e+10
64 1.0016371e+17
65 4.9093237e+11
66 2.9978804e+12
67 2.4778477e+8
68 9.580648e+13
69 4.6350746e+11
70 4.4840713e+17
71 5.5391443e+8
72 6.860421e+9
73 1.2139706e+7
74 9.46507e+11
75 8.37834e+7
76 4.646281e+13
77 4.5890627e+11
78 4.577868e+13
79 2.7016598e+7
80 1.5941006e+20
81 1.0189248e+13
82 1.0159638e+13
83 4.651365e+11
84 5.225669e+13
85 7037457.0
86 3.0846026e+10
87 2.1174276e+7
88 6.422182e+12
89 4.5778735e+13
90 5.6102694e+8
91 4.513178e+13
92 4.5823803e+13
93 3.1156605e+8
94 4.583855e+15
95 2.5344299e+8
96 4.5864295e+11
97 2.9967805e+8
98 1.2406632e+7
99 4.3187424e+12
0 1.4290587e+23
1 4.5692843e+11
2 7.077093e+8
3 4.570983e+11
4 1.3705337e+12
5 3.8954736e+11
6 2.126796e+12
7 1.2968731e+7
8 1.6504877e+7
9 9.1372506e+11
10 9.174855e+11
11 4.5684667e+11
12 1.1361283e+9
13 5.040586e+9
14 2.1432034e+7
15 2.6120955e+9
16 4.5684946e+11
17 3.8538024e+7
18 2.3330522e+13
19 2.1312244e+7
20 1.2622376e+7
21 4.8683742e+11
22 2.6884614e+8
23 4.2791826e+9
24 1.422811e+7
25 1.116681e+12
26 2.0827761e+14
27 3.9389356e+7
28 4.6250813e+11
29 3.031301e+8
30 3.0409322e+8
31 6.5343772e+7
32 2.0924666e+10
33 9.295831e+11
34 4.568959e+11
35 3979332.0
36 204360.31
37 1.2487762e+7
38 4.5684952e+11
39 2.3252228e+7
40 4.5754056e+9
41 231651.48
42 4.685257e+13
43 7678644.5
44 4.2688415e+9
45 3.1803053e+8
46 1.2245091e+7
47 735919.8
48 4.5679304e+9
49 1.2223194e+7
50 1.1196988e+7
51 4.5065255e+13
52 1.3971587e+9
53 6115393.0
54 8005235.5
55 6153530.5
56 4.9009243e+11
57 9094451.0
58 4.5685146e+11
59 6.4761548e+7
60 7048391.0
61 9302515.0
62 8.642695e+8
63 1.1011439e+7
64 4.5054675e+19
65 4.572741e+11
66 4.5025833e+9
67 3.1111048e+9
68 1.1146046e+15
69 1.0028464e+16
70 7.2277447e+18
71 8.9862957e+11
72 1.006261e+14
73 5064034.5
74 59960.01
75 436.13266
76 3.0838477e+8
77 4054292.0
78 5.702246e+8
79 1.2357359e+7
80 3.4649686e+8
81 7.0319866e+8
82 3210862.5
83 1.8174387e+13
84 4.5714453e+11
85 7.0111846e+8
86 5045224.0
87 4.5541366e+9
88 4.5779703e+17
89 3.2869363e+8
90 5.0122444e+7
91 7.1888774e+8
92 3048490.7
93 6202666.0
94 3.0609187e+8
95 3139217.5
96 2.971065e+12
97 3054493.0
98 9167290.0
99 3.1313357e+8
0 7.17966e+20
1 7257753.5
2 4.6161976e+9
3 3.0060858e+8
4 392959.94
5 6679291.0
6 3233082.2
7 5.3091078e+8
8 4.617484e+13
9 6.4102364e+7
10 4.6819845e+13
11 3621368.2
12 6.0905024e+22
13 9.2299546e+11
14 8.859738e+8
15 817447.56
16 7.2428954e+18
17 3233873.5
18 3515939.7
19 879646.9
20 4.636325e+15
21 3.067504e+10
22 120735.055
23 4.6152303e+11
24 4.685723e+13
25 1.23976384e+8
26 7.310651e+21
27 4.6270218e+11
28 4.6222115e+11
29 4.686437e+13
30 4.600252e+9
31 2.7339072e+8
32 3229256.5
33 3471501.5
34 2.988706e+10
35 7.205139e+7
36 2547924.7
37 2.1738553e+12
38 2.125106e+10
39 2.9736145e+10
40 4.614998e+11
41 204353.53
42 6133407.5
43 4.59913e+15
44 5508325.5
45 7550497.5
46 6037284.0
47 3040143.2
48 9.239248e+13
49 9033988.0
50 1.22536376e+8
51 3.6804216e+7
52 4.6149445e+11
53 3363603.7
54 2.9837635e+8
55 4301330.0
56 6040536.0
57 4.6149327e+11
58 435934.03
59 7.366887e+20
60 3187252.5
61 1.3225208e+9
62 4.593977e+14
63 4.616594e+13
64 3.0274295e+12
65 6.0461662e+10
66 4.6163227e+11
67 6162116.5
68 5.464529e+8
69 3256658.2
70 7077323.0
71 3205321.2
72 6097648.0
73 6.887025e+7
74 1.2350713e+8
75 6983215.5
76 3.0009648e+8
77 3.2614422e+8
78 1.9765066e+7
79 7066534.0
80 2.3431323e+8
81 9208627.0
82 3.1909999e+10
83 3140686.0
84 3.1238375e+10
85 4755213.0
86 6113613.0
87 6.5379914e+18
88 9.450429e+11
89 4.7456012e+13
90 1.2429127e+8
91 4.643904e+11
92 3.024485e+10
93 1015494.25
94 7.08522e+7
95 1.2030271e+7
96 4.6218296e+9
97 1.8041032e+17
98 5.9841523e+8
99 3752397.2
0 4.946479e+13
1 9137189.0
2 128502.14
3 4.5684127e+11
4 7905818.5
5 7.1642e+7
6 129523.49
7 3056917.0
8 4.5866197e+10
9 4.575681e+15
10 3.022974e+8
11 3081132.2
12 5306111.0
13 220731.27
14 148867.7
15 2.1829462e+8
16 4.56958e+13
17 871935.4
18 5686305.0
19 58936.89
20 9886967.0
21 4116104.0
22 4.568431e+11
23 1.0372616e+7
24 6821960.5
25 4.639604e+13
26 1.02785304e+8
27 1.3766164e+7
28 822866.5
29 3335018.2
30 6121110.5
31 67349.02
32 4.284714e+13
33 2948225.5
34 7.619108e+8
35 6027349.0
36 263583.06
37 1525160.2
38 44468.91
39 30222.252
40 199125.37
41 1.1390711e+7
42 4134862.0
43 91632.75
44 1.3989921e+7
45 5842793.5
46 598360.8
47 3.2675917e+8
48 591972.25
49 426090.9
50 3120631.7
51 3683555.2
52 514581.94
53 96165.87
54 374508.2
55 5.962477e+14
56 3281290.7
57 112126.89
58 8.28979e+8
59 8767569.0
60 4.5684045e+11
61 6.989327e+9
62 2258669.2
63 3097267.5
64 84478.69
65 1994678.4
66 2842131.7
67 4.570723e+13
68 43.331627
69 34132.445
70 332146.37
71 111510.96
72 6014.365
73 960177.25
74 2064.2012
75 7.324793e+8
76 68437.67
77 34619.527
78 7070278.0
79 2991139.5
80 1327.9747
81 2965506.0
82 36261.49
83 6865622.5
84 54546.574
85 2.5830966e+8
86 29883.521
87 2.4021071e+16
88 968.26776
89 3987454.7
90 6879814.5
91 2.7095086e+7
92 3.928098e+14
93 29927.629
94 1.7067757e+8
95 5204.2876
96 7666169.0
97 1.2415862e+9
98 30227.873
99 30490.422
0 5.0364086e+12
1 6086955.0
2 3.0073014e+8
3 6122785.5
4 5914248.0
5 96792.64
6 429.5808
7 119135.664
8 1.24067136e+8
9 3.1414525e+8
10 30301.848
11 135681.92
12 56647.723
13 3066924.2
14 85391.76
15 5945883.0
16 3.3564708e+7
17 262758.94
18 1.193928e+7
19 6.546026e+9
20 108270.35
21 6.5719004e+7
22 3.833414e+13
23 30068.566
24 602273.94
25 355.0366
26 3.004765e+8
27 3.0353808e+8
28 6.0988403e+8
29 30129.486
30 24968.193
31 3088152.2
32 3.0093754e+8
33 30102.219
34 3.2366162e+10
35 3127764.5
36 3.005736e+8
37 2368138.0
38 30172.033
39 6134.012
40 364075.22
41 31.170637
42 90032.625
43 2.978025e+12
44 237520.83
45 53877.07
46 1062881.7
47 2247.5908
48 3061117.7
49 120037.9
50 60918.64
51 3100510.7
52 30015.79
53 4.5538393e+13
54 3033990.0
55 3071230.5
56 89984.83
57 54999.67
58 2.0747706e+10
59 30081.227
60 90052.195
61 12576.724
62 6724667.5
63 70.71136
64 3105419.2
65 78504.984
66 150759.73
67 300.86285
68 89311.71
69 9156754.0
70 2206003.0
71 2973950.7
72 6698051.0
73 30041.604
74 9063965.0
75 30049.883
76 30876.55
77 3032889.2
78 3063940.7
79 120515.086
80 120239.69
81 32028.229
82 30018.07
83 1.4217304e+7
84 66630.27
85 12849.303
86 2.9979878e+12
87 3184260.2
88 209065.39
89 45.866566
90 632929.9
91 3045450.0
92 4.5987417e+11
93 4.5987702e+11
94 196241.77
95 63016.14
96 30021.404
97 5.897879e+9
98 17872.895
99 176687.73
0 2.2133127e+12
1 496969.16
2 2.9742557e+11
3 1.1834382e+21
4 5153788.0
5 2.964046e+11
6 1.0608609e+7
7 9.5047673e+11
8 3270378.7
9 412253.87
10 187778.42
11 214701.2
12 2.9698232e+9
13 3190019.0
14 304325.28
15 #.*NAN-SINGLE*
16 #.*NAN-SINGLE*
17 #.*NAN-SINGLE*
18 #.*NAN-SINGLE*
19 2.0127984e+7
20 #.*NAN-SINGLE*
21 #.*NAN-SINGLE*
22 #.*NAN-SINGLE*
23 60087.32
24 83774.414
25 6140523.0
26 6955816.5
27 2071478.1
28 #.*INFINITY-SINGLE*
29 4077841.0
30 3.1515056e+8
31 3096326.2
32 513455.5
33 #.*INFINITY-SINGLE*
34 129008.85
35 20028.29
36 99998.586
37 2166235.2
38 5.948366e+11
39 5079368.0
40 60000.297
41 147594.05
42 2156879.5
43 2.97422e+11
44 49762.887
45 86004.58
46 171184.19
47 170119.84
48 3049870.0
49 3058657.5
50 #.*NAN-SINGLE*
51 59709.77
52 66461.445
53 26496.121
54 129228.52
55 5116510.0
56 3.0487907e+8
57 20028.41
58 141200.95
59 #.*NAN-SINGLE*
60 3.8127291
61 19992.96
62 39990.19
63 19996.229
64 39983.937
65 35.43375
66 1954.2711
67 39985.64
68 2.9741826e+11
69 120610.75
70 2127120.0
71 59994.887
72 #.*NAN-SINGLE*
73 19991.69
74 80006.12
75 65251.766
76 89390.37
77 152878.06
78 130512.28
79 725026.44
80 9517.525
81 2098077.5
82 20019.64
83 72031.625
84 #.*NAN-SINGLE*
85 37369.87
86 25016.504
87 40007.875
88 20079.201
89 2847801.2
90 #.*NAN-SINGLE*
91 #.*NAN-SINGLE*
92 39991.54
93 #.*NAN-SINGLE*
94 #.*NAN-SINGLE*
95 #.*NAN-SINGLE*
96 #.*NAN-SINGLE*
97 #.*NAN-SINGLE*
98 #.*NAN-SINGLE*
99 #.*NAN-SINGLE*
0 5.614755e+12
1 5.830884e+11
2 1.0009169e+8
3 2.9991846e+11
4 1041412.9
5 200431.31
6 #.*NAN-SINGLE*
7 1.3394485e+12
8 1.9910985e+9
9 8.427016e+12
10 4572857.5
11 1.5748566e+8
12 8829667.0
13 4.4355677e+8
14 4.0764723e+8
15 2.0014285e+11
16 2.0060366e+11
17 8.608767e+7
18 8326958.0
19 1.038443e+7
20 2.9992056e+11
21 2287445.0
22 2232740.7
23 1.0692619e+7
24 1.3960048e+8
25 2.0311972e+13
26 122375.56
27 2.0054437e+15
28 2113953.5
29 206479.72
30 170493.19
31 139214.14
32 #.*NAN-SINGLE*
33 2.7022274e+7
34 1.1451105e+7
35 1.0946417e+7
36 1.3282815e+14
37 3.0781344e+7
38 7.7844296e+11
39 191434.95
40 2.4450055e+11
41 5543464.0
42 1972712.7
43 2.9981567e+11
44 3.6439053e+8
45 3.2210407e+13
46 3.1769958e+10
47 8777743.0
48 2.2826883e+8
49 151547.64
50 2361548.7
51 394233.53
52 4.382903e+18
53 1749550.0
54 205493.83
55 4106764.2
56 2.0589122e+8
57 2.1067712e+8
58 1.2661522e+28
59 2308361.5
60 1.3280214e+14
61 2.1008818e+7
62 4091218.5
63 2.0880579e+8
64 60364.086
65 6186418.0
66 5.016275e+8
67 1.853104e+7
68 1.0082737e+8
69 725851.6
70 30921.63
71 123128.51
72 244712.06
73 8.911139e+8
74 3.5477212e+14
75 1.9823651e+23
76 103377.97
77 4.5988576e+13
78 2.0098935e+17
79 1.1112494e+7
80 1.0149329e+10
81 403.28363
82 2123878.7
83 41024.83
84 3.0034127e+13
85 2.8206534e+29
86 2099835.7
87 64779.59
88 131702.2
89 3.5674923e+10
90 4.323169e+12
91 909746.0
92 5.3231824e+7
93 1.5793816e+13
94 184271.28
95 4.922877e+14
96 2516770.0
97 #.*INFINITY-SINGLE*
98 83543.41
99 169434.97
0 #.*INFINITY-SINGLE*
1 7.447823e+11
2 2.9916158e+11
3 4392164.0
4 2929229.7
5 1.4124716e+9
6 351960.2
7 4641590.0
8 2573662.7
9 190060.25
10 1.3892626e+10
11 6343470.0
12 7032595.0
13 494252.22
14 108548.21
15 4209700.5
16 2.9915084e+11
17 #.*NAN-SINGLE*
18 9441353.0
19 1225510.9
20 3753246.0
21 8.872027e+13
22 705505.94
23 #.*INFINITY-SINGLE*
24 #.*INFINITY-SINGLE*
25 #.*INFINITY-SINGLE*
26 #.*NAN-SINGLE*
27 #.*INFINITY-SINGLE*
28 #.*INFINITY-SINGLE*
29 #.*INFINITY-SINGLE*
30 #.*INFINITY-SINGLE*
31 #.*NAN-SINGLE*
32 #.*INFINITY-SINGLE*
33 #.*INFINITY-SINGLE*
34 #.*NAN-SINGLE*
35 #.*NAN-SINGLE*
36 #.*NAN-SINGLE*
37 #.*NAN-SINGLE*
38 #.*NAN-SINGLE*
39 2429564.7
40 1929700.0
41 2692076.0
42 4.586787e+11
43 2209363.7
44 6634898.0
45 2675782.7
46 622157.56
47 3325154.7
48 1.451821e+8
49 2382518.7
50 4545497.5
51 #.*NAN-SINGLE*
52 #.*INFINITY-SINGLE*
53 3790798.2
54 361835.25
55 5486559.5
56 299616.1
57 203554.62
58 2468398.5
59 301055.8
60 3242041.0
61 289903.62
62 #.*NAN-SINGLE*
63 3197139.5
64 249661.95
65 641345.2
66 3104600.0
67 7561470.5
68 352652.1
69 154556.36
70 #.*NAN-SINGLE*
71 9452451.0
72 6.5692923e+9
73 2.9915382e+11
74 9728839.0
75 #.*INFINITY-SINGLE*
76 6565959.0
77 737276.94
78 2712261.7
79 #.*NAN-SINGLE*
80 2.3836641e+11
81 #.*INFINITY-SINGLE*
82 #.*INFINITY-SINGLE*
83 1.9778458e+10
84 #.*INFINITY-SINGLE*
85 #.*INFINITY-SINGLE*
86 153316.44
87 5.9627904e+8
88 225442.75
89 100134.43
90 #.*INFINITY-SINGLE*
91 214284.77
92 #.*INFINITY-SINGLE*
93 1420124.6
94 113922.28
95 204403.5
96 #.*INFINITY-SINGLE*
97 140123.37
98 2149725.5
99 2146226.0
